0.00358173662065 0.0135317997294 0.0 0.0 
0.0154744931669 0.0460081190798 0.0 0.0 
0.00017387070974 0.0 0.0 0.0 
0.0104322425844 0.0351826792963 0.0 0.0 
0.000417289703377 0.0 0.00137174211248 0.0 
0.00118232082623 0.0 0.0 0.0 
0.00194735194909 0.0460081190798 0.0 0.0 
0.000591160413117 0.00811907983762 0.0 0.0 
0.000104322425844 0.0 0.0 0.0 
0.000104322425844 0.0 0.0 0.0 
0.00114754668429 0.00405953991881 0.0 0.0 
0.00403380046597 0.00270635994587 0.0 0.0 
0.000765031122857 0.0 0.00548696844993 0.0 
0.00198212609104 0.0 0.0 0.0 
0.00226031922662 0.00541271989175 0.0 0.0 
0.000139096567792 0.0 0.0 0.0 
0.000625934555065 0.0 0.0 0.0 
0.000139096567792 0.0 0.0 0.0 
3.4774141948e-05 0.0 0.0 0.0 
0.000208644851688 0.0 0.0 0.0 
0.000312967277532 0.0 0.0 0.0 
3.4774141948e-05 0.0 0.0 0.0 
6.95482838961e-05 0.0 0.0 0.0 
3.4774141948e-05 0.0 0.0 0.0 
0.000938901832597 0.00135317997294 0.0 0.0 
0.000104322425844 0.0 0.0 0.0 
0.000278193135584 0.0 0.0 0.0 
0.00135619153597 0.0135317997294 0.00137174211248 0.0 
0.00017387070974 0.00270635994587 0.0 0.0 
6.95482838961e-05 0.00135317997294 0.0 0.0 
0.00118232082623 0.00270635994587 0.0 0.0 
0.00034774141948 0.0 0.00274348422497 0.0 
0.000938901832597 0.0 0.0 0.0 
0.00239941579442 0.00947225981055 0.0 0.0 
0.00017387070974 0.0 0.0 0.0 
0.000938901832597 0.0 0.0 0.0 
3.4774141948e-05 0.0 0.0 0.0 
3.4774141948e-05 0.0 0.0 0.0 
0.000139096567792 0.0 0.0 0.0 
0.000104322425844 0.0 0.0 0.0 
0.000243418993636 0.0 0.0 0.0 
3.4774141948e-05 0.0 0.0 0.0 
0.000104322425844 0.0 0.0 0.0 
0.0 0.00135317997294 0.0 0.0 
0.00034774141948 0.0 0.0 0.0 
6.95482838961e-05 0.0 0.0 0.0 
6.95482838961e-05 0.0 0.0 0.0 
0.000312967277532 0.0 0.0 0.0 
3.4774141948e-05 0.0 0.0 0.0 
0.0 0.00135317997294 0.0 0.0 
6.95482838961e-05 0.0 0.0 0.0 
0.0 0.0 0.00137174211248 0.0 
3.4774141948e-05 0.00135317997294 0.00137174211248 0.0 
0.000382515561429 0.0 0.0 0.0 
0.00017387070974 0.0 0.0 0.0 
3.4774141948e-05 0.0 0.0 0.0 
6.95482838961e-05 0.0 0.0 0.0 
3.4774141948e-05 0.0 0.0 0.0 
3.4774141948e-05 0.0 0.0 0.0 
0.000104322425844 0.0 0.0 0.0 
3.4774141948e-05 0.0 0.0 0.0 
0.000139096567792 0.0 0.0 0.0 
3.4774141948e-05 0.0 0.0 0.0 
3.4774141948e-05 0.0 0.0 0.0 
0.0 0.00135317997294 0.0 0.0 
0.000139096567792 0.00270635994587 0.0 0.0 
0.000104322425844 0.0 0.0 0.0 
0.000417289703377 0.00405953991881 0.0 0.0 
0.000208644851688 0.0 0.0 0.0 
3.4774141948e-05 0.00270635994587 0.0 0.0 
3.4774141948e-05 0.0 0.0 0.0 
0.000208644851688 0.0 0.0 0.0 
3.4774141948e-05 0.0 0.0 0.0 
3.4774141948e-05 0.0 0.0 0.0 
0.000382515561429 0.00270635994587 0.0 0.0 
0.000139096567792 0.0 0.0 0.0 
0.000591160413117 0.00405953991881 0.0 0.0 
0.000417289703377 0.0 0.0 0.0 
0.00034774141948 0.0 0.0 0.0 
6.95482838961e-05 0.0 0.0 0.0 
3.4774141948e-05 0.0 0.0 0.0 
3.4774141948e-05 0.00135317997294 0.0 0.0 
3.4774141948e-05 0.0 0.0 0.0 
3.4774141948e-05 0.0 0.0 0.0 
6.95482838961e-05 0.0 0.0 0.0 
0.000104322425844 0.0 0.0 0.0 
3.4774141948e-05 0.0 0.0 0.0 
3.4774141948e-05 0.0 0.0 0.0 
3.4774141948e-05 0.0 0.0 0.0 
3.4774141948e-05 0.0 0.0 0.0 
3.4774141948e-05 0.0 0.0 0.0 
0.000104322425844 0.0 0.0 0.0 
6.95482838961e-05 0.0 0.0 0.0 
3.4774141948e-05 0.0 0.0 0.0 
3.4774141948e-05 0.0 0.0 0.0 
0.000973675974545 0.00405953991881 0.0 0.0 
3.4774141948e-05 0.0 0.0 0.0 
0.000312967277532 0.0 0.0 0.0 
6.95482838961e-05 0.0 0.0 0.0 
0.000278193135584 0.00405953991881 0.0 0.0 
0.000104322425844 0.0 0.0 0.0 
0.00017387070974 0.00135317997294 0.0 0.0 
3.4774141948e-05 0.0 0.0 0.0 
0.000104322425844 0.00270635994587 0.0 0.0 
3.4774141948e-05 0.0 0.0 0.0 
0.000208644851688 0.0 0.0 0.0 
3.4774141948e-05 0.0 0.0 0.0 
3.4774141948e-05 0.0 0.0 0.0 
6.95482838961e-05 0.0 0.0 0.0 
6.95482838961e-05 0.0 0.00137174211248 0.0 
6.95482838961e-05 0.0 0.0 0.0 
3.4774141948e-05 0.0 0.0 0.0 
6.95482838961e-05 0.0 0.0 0.0 
0.000208644851688 0.0 0.0 0.0 
3.4774141948e-05 0.0 0.0 0.0 
0.000382515561429 0.00270635994587 0.0 0.0 
0.000834579406753 0.0 0.00411522633745 0.0 
0.00191257780714 0.0 0.0 0.0 
0.00125186911013 0.00541271989175 0.0 0.0 
6.95482838961e-05 0.0 0.0 0.0 
0.00135619153597 0.0 0.0 0.0 
0.000104322425844 0.0 0.0 0.0 
6.95482838961e-05 0.00135317997294 0.0 0.0 
0.000139096567792 0.0 0.0 0.0 
3.4774141948e-05 0.0 0.0 0.0 
0.00017387070974 0.0 0.0 0.0 
3.4774141948e-05 0.0 0.0 0.0 
3.4774141948e-05 0.0 0.0 0.0 
3.4774141948e-05 0.0 0.0 0.0 
0.00034774141948 0.0 0.0 0.0 
0.000139096567792 0.0 0.0 0.0 
3.4774141948e-05 0.0 0.0 0.0 
0.000104322425844 0.0 0.0 0.0 
6.95482838961e-05 0.0 0.0 0.0 
6.95482838961e-05 0.0 0.0 0.0 
3.4774141948e-05 0.0 0.0 0.0 
3.4774141948e-05 0.0 0.0 0.0 
0.000243418993636 0.0 0.0 0.0 
0.000521612129221 0.0 0.0 0.0 
0.000208644851688 0.0 0.00137174211248 0.0 
0.000104322425844 0.0 0.0 0.0 
0.000521612129221 0.00135317997294 0.0 0.0 
0.000139096567792 0.0 0.0 0.0 
0.000278193135584 0.00270635994587 0.0 0.0 
0.000243418993636 0.00135317997294 0.0 0.0 
0.000104322425844 0.0 0.00137174211248 0.0 
0.000139096567792 0.0 0.0 0.0 
6.95482838961e-05 0.0 0.0 0.0 
3.4774141948e-05 0.0 0.0 0.0 
0.00034774141948 0.00270635994587 0.0 0.0 
3.4774141948e-05 0.0 0.0 0.0 
0.000104322425844 0.0 0.0 0.0 
0.0034774141948 0.0 0.278463648834 0.0 
0.000278193135584 0.0 0.0 0.0 
0.000904127690649 0.0 0.0 0.0 
3.4774141948e-05 0.0 0.0 0.0 
3.4774141948e-05 0.0 0.0 0.0 
3.4774141948e-05 0.0 0.0 0.0 
0.000139096567792 0.0 0.0 0.0 
0.000104322425844 0.0 0.0 0.0 
0.000278193135584 0.0 0.0 0.0 
3.4774141948e-05 0.0 0.0 0.0 
6.95482838961e-05 0.0 0.00274348422497 0.0 
3.4774141948e-05 0.0 0.0 0.0 
0.000104322425844 0.0 0.0 0.0 
0.000139096567792 0.0 0.00548696844993 0.0 
3.4774141948e-05 0.0 0.0 0.0 
3.4774141948e-05 0.0 0.0 0.0 
0.00017387070974 0.00541271989175 0.0 0.0 
3.4774141948e-05 0.0 0.0 0.0 
0.000382515561429 0.0 0.0 0.0 
0.000278193135584 0.0 0.0 0.0 
0.000243418993636 0.0 0.0 0.0 
0.000139096567792 0.0 0.0 0.0 
0.000104322425844 0.0 0.0 0.0 
6.95482838961e-05 0.0 0.0 0.0 
6.95482838961e-05 0.0 0.0 0.0 
3.4774141948e-05 0.0 0.0 0.0 
3.4774141948e-05 0.0 0.0 0.0 
0.000139096567792 0.0 0.0 0.0 
0.000625934555065 0.00270635994587 0.0 0.0 
0.000104322425844 0.0 0.0 0.0 
0.000243418993636 0.0 0.0 0.0 
3.4774141948e-05 0.0 0.0 0.0 
0.000139096567792 0.0 0.0 0.0 
6.95482838961e-05 0.0 0.0 0.0 
6.95482838961e-05 0.0 0.0 0.0 
3.4774141948e-05 0.0 0.0 0.0 
0.000243418993636 0.0 0.0 0.0 
0.0 0.00135317997294 0.0 0.0 
6.95482838961e-05 0.0 0.0 0.0 
0.0 0.0 0.00137174211248 0.0 
3.4774141948e-05 0.0 0.0 0.0 
0.00163438467156 0.00947225981055 0.0 0.0 
0.00177348123935 0.0 0.00548696844993 0.0 
0.00288625378169 0.0 0.0 0.0 
0.000452063845325 0.0 0.0 0.0 
0.000417289703377 0.0 0.0 0.0 
0.00146051396182 0.0 0.0 0.0 
3.4774141948e-05 0.0 0.0 0.0 
0.000139096567792 0.0 0.0 0.0 
0.000104322425844 0.0 0.0 0.0 
3.4774141948e-05 0.0 0.0 0.0 
0.0 0.0 0.00137174211248 0.0 
0.000104322425844 0.0 0.0 0.0 
3.4774141948e-05 0.0 0.0 0.0 
3.4774141948e-05 0.0 0.0 0.0 
6.95482838961e-05 0.0 0.0 0.0 
0.000278193135584 0.0 0.0 0.0 
0.000104322425844 0.0 0.0 0.0 
0.0 0.0 0.00137174211248 0.0 
3.4774141948e-05 0.0 0.0 0.0 
3.4774141948e-05 0.0 0.0 0.0 
3.4774141948e-05 0.0 0.0 0.0 
3.4774141948e-05 0.0 0.0 0.0 
0.0 0.0 0.00137174211248 0.0 
6.95482838961e-05 0.0 0.0 0.0 
3.4774141948e-05 0.0 0.0 0.0 
0.00156483638766 0.00541271989175 0.0 0.0 
0.000139096567792 0.0 0.0 0.0 
0.000973675974545 0.0 0.0 0.0 
3.4774141948e-05 0.0 0.00274348422497 0.0 
3.4774141948e-05 0.00270635994587 0.0 0.0 
6.95482838961e-05 0.0 0.0 0.0 
0.00114754668429 0.00405953991881 0.0 0.0 
0.000695482838961 0.0 0.00137174211248 0.0 
0.00142573981987 0.0 0.0 0.0 
0.000104322425844 0.0 0.0 0.0 
0.000312967277532 0.0 0.0 0.0 
0.000382515561429 0.0 0.00137174211248 0.0 
0.00187780366519 0.0 0.0 0.0 
0.000104322425844 0.0 0.0 0.0 
3.4774141948e-05 0.0 0.0 0.0 
3.4774141948e-05 0.0 0.0 0.0 
3.4774141948e-05 0.0 0.0 0.0 
3.4774141948e-05 0.0 0.0 0.0 
3.4774141948e-05 0.0 0.0 0.0 
0.000278193135584 0.0 0.0 0.0 
0.000139096567792 0.0 0.0 0.0 
0.000139096567792 0.0 0.0 0.0 
0.00034774141948 0.0 0.0 0.0 
0.000973675974545 0.0 0.00411522633745 0.0 
0.000417289703377 0.0 0.0 0.0 
3.4774141948e-05 0.0 0.0 0.0 
3.4774141948e-05 0.0 0.0 0.0 
0.000139096567792 0.00405953991881 0.0 0.0 
0.000139096567792 0.0 0.00137174211248 0.0 
3.4774141948e-05 0.0 0.0 0.0 
3.4774141948e-05 0.0 0.0 0.0 
3.4774141948e-05 0.0 0.0 0.0 
3.4774141948e-05 0.0 0.0 0.0 
0.000417289703377 0.0 0.0 0.0 
6.95482838961e-05 0.0 0.0 0.0 
3.4774141948e-05 0.0 0.0 0.0 
3.4774141948e-05 0.0 0.0 0.0 
3.4774141948e-05 0.0 0.0 0.0 
3.4774141948e-05 0.0 0.0 0.0 
6.95482838961e-05 0.0 0.0 0.0 
0.000208644851688 0.0 0.0 0.0 
3.4774141948e-05 0.0 0.0 0.0 
0.0 0.0 0.00137174211248 0.0 
0.000139096567792 0.0 0.0 0.0 
6.95482838961e-05 0.0 0.0 0.0 
3.4774141948e-05 0.0 0.0 0.0 
3.4774141948e-05 0.0 0.0 0.0 
0.000869353548701 0.00270635994587 0.0 0.0 
3.4774141948e-05 0.0 0.0 0.0 
0.000660708697013 0.0 0.0 0.0 
0.000417289703377 0.0 0.0 0.0 
0.000208644851688 0.0 0.0 0.0 
0.000452063845325 0.0 0.0 0.0 
3.4774141948e-05 0.0 0.0 0.0 
6.95482838961e-05 0.0 0.0 0.0 
3.4774141948e-05 0.0 0.00137174211248 0.0 
3.4774141948e-05 0.0 0.0 0.0 
3.4774141948e-05 0.0 0.0 0.0 
3.4774141948e-05 0.0 0.0 0.0 
6.95482838961e-05 0.0 0.0 0.0 
3.4774141948e-05 0.0 0.0 0.0 
0.000208644851688 0.0 0.0 0.0 
0.000243418993636 0.0 0.0 0.0 
6.95482838961e-05 0.0 0.0 0.0 
0.000486837987273 0.0 0.0 0.0 
3.4774141948e-05 0.0 0.00137174211248 0.0 
0.000208644851688 0.0 0.0 0.0 
0.0 0.00135317997294 0.0 0.0 
0.0 0.0 0.00137174211248 0.0 
0.000104322425844 0.0 0.0 0.0 
0.0 0.0 0.00137174211248 0.0 
3.4774141948e-05 0.0 0.0 0.0 
3.4774141948e-05 0.0 0.0 0.0 
3.4774141948e-05 0.0 0.0 0.0 
6.95482838961e-05 0.0 0.0 0.0 
0.000730256980909 0.00270635994587 0.0 0.0 
0.000104322425844 0.0 0.0 0.0 
0.000104322425844 0.0 0.0 0.0 
3.4774141948e-05 0.0 0.0 0.0 
0.000382515561429 0.00405953991881 0.0 0.0 
6.95482838961e-05 0.0 0.0 0.0 
0.000660708697013 0.0 0.0 0.0 
3.4774141948e-05 0.0 0.0 0.0 
6.95482838961e-05 0.0 0.0 0.0 
0.00142573981987 0.0 0.00685871056241 0.0 
0.00368605904649 0.0 0.0 0.0 
3.4774141948e-05 0.0 0.0 0.0 
0.000382515561429 0.00135317997294 0.0 0.0 
0.000765031122857 0.0 0.00137174211248 0.0 
0.00125186911013 0.0 0.0 0.0 
3.4774141948e-05 0.0 0.0 0.0 
0.000139096567792 0.0 0.0 0.0 
0.000208644851688 0.0 0.0 0.0 
3.4774141948e-05 0.0 0.0 0.0 
3.4774141948e-05 0.0 0.0 0.0 
3.4774141948e-05 0.0 0.0 0.0 
3.4774141948e-05 0.0 0.0 0.0 
3.4774141948e-05 0.0 0.0 0.0 
0.000278193135584 0.0 0.0 0.0 
0.000625934555065 0.0 0.00411522633745 0.0 
0.00017387070974 0.0 0.0 0.0 
6.95482838961e-05 0.0 0.0 0.0 
3.4774141948e-05 0.0 0.0 0.0 
0.000104322425844 0.0 0.00411522633745 0.0 
3.4774141948e-05 0.0 0.0 0.0 
0.000312967277532 0.0 0.0 0.0 
3.4774141948e-05 0.0 0.0 0.0 
3.4774141948e-05 0.0 0.0 0.0 
6.95482838961e-05 0.0 0.0 0.0 
3.4774141948e-05 0.0 0.0 0.0 
3.4774141948e-05 0.0 0.0 0.0 
3.4774141948e-05 0.0 0.0 0.0 
3.4774141948e-05 0.0 0.0 0.0 
3.4774141948e-05 0.0 0.00137174211248 0.0 
3.4774141948e-05 0.0 0.0 0.0 
0.000452063845325 0.00135317997294 0.0 0.0 
0.000869353548701 0.0 0.0 0.0 
0.000139096567792 0.0 0.0 0.0 
0.00114754668429 0.0 0.00137174211248 0.0 
0.00111277254234 0.0 0.0 0.0 
0.000139096567792 0.0 0.0 0.0 
3.4774141948e-05 0.0 0.0 0.0 
0.0 0.0 0.00137174211248 0.0 
3.4774141948e-05 0.0 0.0 0.0 
3.4774141948e-05 0.0 0.0 0.0 
0.000312967277532 0.0 0.0 0.0 
0.00034774141948 0.0 0.00137174211248 0.0 
0.00017387070974 0.0 0.0 0.0 
3.4774141948e-05 0.0 0.0 0.0 
6.95482838961e-05 0.0 0.0 0.0 
3.4774141948e-05 0.0 0.0 0.0 
3.4774141948e-05 0.0 0.0 0.0 
3.4774141948e-05 0.0 0.0 0.0 
0.000104322425844 0.0 0.0 0.0 
0.000104322425844 0.0 0.0 0.0 
0.000208644851688 0.0 0.0 0.0 
0.00017387070974 0.0 0.0 0.0 
6.95482838961e-05 0.0 0.0 0.0 
3.4774141948e-05 0.0 0.0 0.0 
0.000104322425844 0.0 0.0 0.0 
3.4774141948e-05 0.0 0.0 0.0 
3.4774141948e-05 0.0 0.0 0.0 
6.95482838961e-05 0.0 0.0 0.0 
3.4774141948e-05 0.0 0.0 0.0 
6.95482838961e-05 0.0 0.0 0.0 
3.4774141948e-05 0.0 0.0 0.0 
0.000139096567792 0.0 0.0 0.0 
3.4774141948e-05 0.0 0.0 0.0 
3.4774141948e-05 0.0 0.0 0.0 
0.00017387070974 0.0 0.0 0.0 
3.4774141948e-05 0.0 0.0 0.0 
0.00855443891922 0.0284167794317 0.0 0.0 
0.00351218833675 0.0 0.0246913580247 0.0 
0.00104322425844 0.0 0.0 0.0 
0.00153006224571 0.00405953991881 0.0 0.0 
0.00187780366519 0.0108254397835 0.0 0.0 
0.00232986751052 0.0 0.0082304526749 0.0 
0.00486837987273 0.0 0.0 0.0 
0.000765031122857 0.00405953991881 0.0 0.0 
0.000139096567792 0.0 0.0 0.0 
0.00104322425844 0.0 0.0 0.0 
0.000104322425844 0.0 0.0 0.0 
3.4774141948e-05 0.0 0.0 0.0 
3.4774141948e-05 0.0 0.0 0.0 
0.000208644851688 0.00405953991881 0.0 0.0 
6.95482838961e-05 0.0 0.0 0.0 
3.4774141948e-05 0.0 0.0 0.0 
0.000243418993636 0.0 0.0 0.0 
0.000695482838961 0.0 0.00137174211248 0.0 
0.000591160413117 0.0 0.0 0.0 
3.4774141948e-05 0.0 0.0 0.0 
0.00017387070974 0.0 0.00137174211248 0.0 
0.00114754668429 0.0 0.0 0.0 
0.000104322425844 0.0 0.0 0.0 
0.000104322425844 0.0 0.0 0.0 
0.000243418993636 0.0 0.0 0.0 
6.95482838961e-05 0.0 0.0 0.0 
0.000139096567792 0.0 0.0 0.0 
3.4774141948e-05 0.0 0.0 0.0 
3.4774141948e-05 0.0 0.0 0.0 
3.4774141948e-05 0.0 0.0 0.0 
0.000139096567792 0.0 0.0 0.0 
3.4774141948e-05 0.0 0.0 0.0 
3.4774141948e-05 0.0 0.0 0.0 
3.4774141948e-05 0.0 0.0 0.0 
3.4774141948e-05 0.0 0.0 0.0 
0.000104322425844 0.00135317997294 0.0 0.0 
3.4774141948e-05 0.0 0.0 0.0 
3.4774141948e-05 0.0 0.0 0.0 
3.4774141948e-05 0.0 0.0 0.0 
0.000104322425844 0.0 0.0 0.0 
6.95482838961e-05 0.0 0.0 0.0 
3.4774141948e-05 0.00135317997294 0.0 0.0 
3.4774141948e-05 0.0 0.0 0.0 
3.4774141948e-05 0.0 0.0 0.0 
6.95482838961e-05 0.0 0.0 0.0 
3.4774141948e-05 0.0 0.0 0.0 
0.000382515561429 0.0 0.0 0.0 
0.000208644851688 0.0 0.0 0.0 
0.000312967277532 0.0 0.00137174211248 0.0 
0.000730256980909 0.0 0.0 0.0 
0.000104322425844 0.0 0.0 0.0 
3.4774141948e-05 0.0 0.00137174211248 0.0 
0.000104322425844 0.0 0.0 0.0 
3.4774141948e-05 0.0 0.0 0.0 
3.4774141948e-05 0.0 0.0 0.0 
3.4774141948e-05 0.0 0.0 0.0 
0.000104322425844 0.0 0.0 0.0 
3.4774141948e-05 0.0 0.0 0.0 
3.4774141948e-05 0.0 0.0 0.0 
3.4774141948e-05 0.0 0.0 0.0 
3.4774141948e-05 0.0 0.0 0.0 
0.000104322425844 0.0 0.0 0.0 
3.4774141948e-05 0.0 0.0 0.0 
6.95482838961e-05 0.0 0.0 0.0 
3.4774141948e-05 0.0 0.0 0.0 
0.000104322425844 0.0 0.0 0.0 
6.95482838961e-05 0.0 0.0 0.0 
0.0 0.00135317997294 0.0 0.0 
0.000243418993636 0.0 0.00137174211248 0.0 
0.000139096567792 0.0 0.0 0.0 
0.000139096567792 0.0 0.0 0.0 
3.4774141948e-05 0.0 0.0 0.0 
0.000417289703377 0.00270635994587 0.0 0.0 
0.000243418993636 0.0 0.0 0.0 
0.000417289703377 0.0 0.0 0.0 
3.4774141948e-05 0.0 0.0 0.0 
3.4774141948e-05 0.0 0.0 0.0 
0.0 0.00135317997294 0.0 0.0 
6.95482838961e-05 0.0 0.0 0.0 
0.000556386271169 0.0 0.0 0.0 
0.000104322425844 0.0 0.0 0.0 
6.95482838961e-05 0.0 0.0 0.0 
3.4774141948e-05 0.0 0.0 0.0 
3.4774141948e-05 0.0 0.0 0.0 
6.95482838961e-05 0.00135317997294 0.0 0.0 
3.4774141948e-05 0.0 0.0 0.0 
3.4774141948e-05 0.0 0.0 0.0 
0.000139096567792 0.0 0.0 0.0 
6.95482838961e-05 0.0 0.0 0.0 
0.000139096567792 0.0 0.0 0.0 
3.4774141948e-05 0.0 0.0 0.0 
0.000730256980909 0.00811907983762 0.0 0.0 
6.95482838961e-05 0.0 0.0 0.0 
0.000104322425844 0.0 0.0 0.0 
3.4774141948e-05 0.0 0.0 0.0 
3.4774141948e-05 0.0 0.0 0.0 
3.4774141948e-05 0.0 0.0 0.0 
3.4774141948e-05 0.0 0.0 0.0 
3.4774141948e-05 0.0 0.0 0.0 
3.4774141948e-05 0.0 0.0 0.0 
0.00034774141948 0.0 0.0 0.0 
0.000104322425844 0.0 0.0 0.0 
0.000139096567792 0.0 0.0 0.0 
0.000104322425844 0.0 0.0 0.0 
0.000312967277532 0.0 0.0 0.0 
3.4774141948e-05 0.0 0.0 0.0 
0.000104322425844 0.0 0.0 0.0 
0.00803282679 0.0135317997294 0.0 0.0 
0.000521612129221 0.0 0.00685871056241 0.0 
0.00264283478805 0.0 0.0 0.0 
0.00104322425844 0.00541271989175 0.0 0.0 
0.00201690023299 0.0 0.0 0.0 
6.95482838961e-05 0.0 0.0 0.0 
0.0 0.00135317997294 0.0 0.0 
3.4774141948e-05 0.0 0.0 0.0 
6.95482838961e-05 0.00135317997294 0.0 0.0 
0.000104322425844 0.0 0.0 0.0 
3.4774141948e-05 0.0 0.0 0.0 
0.000695482838961 0.00270635994587 0.0 0.0 
0.000452063845325 0.0 0.0 0.0 
0.00379038147234 0.0 0.0 0.0 
3.4774141948e-05 0.0 0.0 0.0 
3.4774141948e-05 0.0 0.0 0.0 
3.4774141948e-05 0.0 0.0 0.0 
3.4774141948e-05 0.0 0.0 0.0 
0.000452063845325 0.00270635994587 0.0 0.0 
6.95482838961e-05 0.0 0.00137174211248 0.0 
0.000730256980909 0.0 0.0 0.0 
0.000486837987273 0.0 0.0 0.0 
0.000208644851688 0.0 0.0 0.0 
0.000521612129221 0.0 0.00411522633745 0.0 
3.4774141948e-05 0.0 0.0 0.0 
0.000104322425844 0.00135317997294 0.0 0.0 
0.0 0.0 0.00137174211248 0.0 
6.95482838961e-05 0.0 0.0 0.0 
3.4774141948e-05 0.0 0.0 0.0 
6.95482838961e-05 0.0 0.0 0.0 
3.4774141948e-05 0.0 0.00137174211248 0.0 
6.95482838961e-05 0.0 0.0 0.0 
3.4774141948e-05 0.0 0.0 0.0 
3.4774141948e-05 0.0 0.0 0.0 
3.4774141948e-05 0.0 0.0 0.0 
0.000104322425844 0.0 0.0 0.0 
0.0 0.0 0.00137174211248 0.0 
0.00017387070974 0.0 0.0 0.0 
0.000139096567792 0.0 0.0 0.0 
0.0018082553813 0.00135317997294 0.0 0.0 
0.000312967277532 0.0 0.0 0.0 
3.4774141948e-05 0.0 0.0 0.0 
3.4774141948e-05 0.00135317997294 0.0 0.0 
0.000208644851688 0.0 0.0 0.0 
3.4774141948e-05 0.0 0.0 0.0 
3.4774141948e-05 0.0 0.0 0.0 
6.95482838961e-05 0.0 0.0 0.0 
0.000139096567792 0.00405953991881 0.0 0.0 
3.4774141948e-05 0.0 0.0 0.0 
6.95482838961e-05 0.0 0.0 0.0 
6.95482838961e-05 0.0 0.0 0.0 
0.00017387070974 0.0 0.0 0.0 
3.4774141948e-05 0.0 0.0 0.0 
0.000208644851688 0.00541271989175 0.0 0.0 
3.4774141948e-05 0.0 0.0 0.0 
3.4774141948e-05 0.0 0.0 0.0 
0.000104322425844 0.0 0.0 0.0 
0.000208644851688 0.0 0.0 0.0 
6.95482838961e-05 0.0 0.00137174211248 0.0 
0.00034774141948 0.0 0.0 0.0 
0.0 0.00135317997294 0.0 0.0 
0.000591160413117 0.0 0.00137174211248 0.0 
0.00153006224571 0.00676589986468 0.0 0.0 
0.000556386271169 0.0 0.00137174211248 0.0 
0.0018082553813 0.0 0.0 0.0 
0.000938901832597 0.00405953991881 0.0 0.0 
0.0026080606461 0.0 0.00548696844993 0.0 
0.00306012449143 0.0 0.0 0.0 
6.95482838961e-05 0.0 0.0 0.0 
3.4774141948e-05 0.0 0.0 0.0 
3.4774141948e-05 0.0 0.0 0.0 
3.4774141948e-05 0.00135317997294 0.0 0.0 
6.95482838961e-05 0.0 0.0 0.0 
3.4774141948e-05 0.0 0.0 0.0 
3.4774141948e-05 0.0 0.0 0.0 
6.95482838961e-05 0.0 0.0 0.0 
0.000312967277532 0.00135317997294 0.0 0.0 
3.4774141948e-05 0.0 0.0 0.0 
3.4774141948e-05 0.0 0.0 0.0 
0.00312967277532 0.00405953991881 0.0 0.0 
0.00142573981987 0.0 0.00548696844993 0.0 
0.00490315401467 0.0 0.0 0.0 
0.00149528810377 0.0 0.0 0.0 
0.00184302952325 0.00270635994587 0.0 0.0 
0.000452063845325 0.0 0.00548696844993 0.0 
0.00285147963974 0.0 0.0 0.0 
3.4774141948e-05 0.0 0.0 0.0 
3.4774141948e-05 0.0 0.0 0.0 
0.000243418993636 0.00270635994587 0.0 0.0 
0.00253851236221 0.00811907983762 0.0 0.0 
0.000417289703377 0.0 0.0 0.0 
0.000486837987273 0.0 0.0 0.0 
0.000973675974545 0.00811907983762 0.0 0.0 
0.0 0.0 0.00137174211248 0.0 
3.4774141948e-05 0.0 0.0 0.0 
3.4774141948e-05 0.00135317997294 0.0 0.0 
0.000278193135584 0.00541271989175 0.0 0.0 
0.000452063845325 0.0 0.00137174211248 0.0 
0.000799805264805 0.0 0.0 0.0 
6.95482838961e-05 0.0 0.0 0.0 
3.4774141948e-05 0.0 0.0 0.0 
0.000278193135584 0.0 0.0 0.0 
0.000139096567792 0.0 0.0 0.0 
0.000104322425844 0.0 0.0 0.0 
3.4774141948e-05 0.0 0.0 0.0 
3.4774141948e-05 0.0 0.0 0.0 
3.4774141948e-05 0.0 0.0 0.0 
0.000104322425844 0.0 0.0 0.0 
0.00017387070974 0.0 0.0 0.0 
0.000278193135584 0.0 0.0 0.0 
3.4774141948e-05 0.0 0.0 0.0 
3.4774141948e-05 0.0 0.0 0.0 
3.4774141948e-05 0.0 0.0 0.0 
3.4774141948e-05 0.0 0.0 0.0 
3.4774141948e-05 0.0 0.0 0.0 
3.4774141948e-05 0.0 0.0 0.0 
6.95482838961e-05 0.0 0.0 0.0 
3.4774141948e-05 0.0 0.0 0.0 
6.95482838961e-05 0.0 0.0 0.0 
3.4774141948e-05 0.0 0.0 0.0 
3.4774141948e-05 0.0 0.0 0.0 
6.95482838961e-05 0.0 0.0 0.0 
0.00017387070974 0.0 0.0 0.0 
3.4774141948e-05 0.0 0.0 0.0 
0.00156483638766 0.00676589986468 0.0 0.0 
0.000695482838961 0.0 0.0 0.0 
0.00111277254234 0.0 0.0 0.0 
0.000104322425844 0.0 0.0 0.0 
3.4774141948e-05 0.0 0.0 0.0 
3.4774141948e-05 0.0 0.0 0.0 
0.000104322425844 0.00270635994587 0.0 0.0 
3.4774141948e-05 0.0 0.0 0.0 
3.4774141948e-05 0.0 0.0 0.0 
3.4774141948e-05 0.0 0.0 0.0 
3.4774141948e-05 0.0 0.0 0.0 
3.4774141948e-05 0.0 0.0 0.0 
3.4774141948e-05 0.0 0.0 0.0 
3.4774141948e-05 0.0 0.0 0.0 
0.00017387070974 0.0 0.0 0.0 
3.4774141948e-05 0.0 0.0 0.0 
3.4774141948e-05 0.00135317997294 0.0 0.0 
3.4774141948e-05 0.0 0.00137174211248 0.0 
3.4774141948e-05 0.0 0.0 0.0 
6.95482838961e-05 0.0 0.0 0.0 
0.000834579406753 0.0 0.0 0.0 
0.00201690023299 0.00541271989175 0.0 0.0 
0.000139096567792 0.0 0.00137174211248 0.0 
0.000243418993636 0.0 0.0 0.0 
0.000208644851688 0.00676589986468 0.0 0.0 
0.000278193135584 0.0 0.0 0.0 
0.000139096567792 0.0 0.0 0.0 
0.00017387070974 0.0 0.0 0.0 
0.000139096567792 0.00270635994587 0.0 0.0 
0.000278193135584 0.0 0.0 0.0 
0.00017387070974 0.0 0.0 0.0 
0.000139096567792 0.0 0.0 0.0 
6.95482838961e-05 0.0 0.0 0.0 
0.000139096567792 0.00270635994587 0.0 0.0 
3.4774141948e-05 0.0 0.0 0.0 
3.4774141948e-05 0.0 0.0 0.0 
0.000104322425844 0.00270635994587 0.0 0.0 
3.4774141948e-05 0.0 0.0 0.0 
3.4774141948e-05 0.0 0.0 0.0 
3.4774141948e-05 0.0 0.0 0.0 
3.4774141948e-05 0.0 0.0 0.0 
0.0111624995653 0.0121786197564 0.0 0.0 
0.00824147164169 0.0 0.0082304526749 0.0 
0.00657231282818 0.0 0.0 0.0 
0.00306012449143 0.00676589986468 0.0 0.0 
0.000625934555065 0.0 0.0 0.0 
0.00559863685364 0.0 0.0 0.0 
0.00017387070974 0.0 0.0 0.0 
0.000139096567792 0.0 0.0 0.0 
0.0 0.00270635994587 0.0 0.0 
0.000660708697013 0.00135317997294 0.0 0.0 
6.95482838961e-05 0.0 0.0 0.0 
3.4774141948e-05 0.0 0.0 0.0 
0.00177348123935 0.00947225981055 0.0 0.0 
0.00111277254234 0.0 0.00411522633745 0.0 
0.00149528810377 0.0 0.0 0.0 
0.00420767117571 0.0 0.0082304526749 0.0 
0.000139096567792 0.0 0.0 0.0 
0.000869353548701 0.00405953991881 0.0 0.0 
0.000591160413117 0.0 0.00274348422497 0.0 
0.0018082553813 0.0 0.0 0.0 
0.00146051396182 0.00135317997294 0.0 0.0 
3.4774141948e-05 0.0 0.0 0.0 
0.000938901832597 0.0 0.0 0.0 
6.95482838961e-05 0.0 0.0 0.0 
6.95482838961e-05 0.0 0.0 0.0 
0.000208644851688 0.0 0.0 0.0 
0.000312967277532 0.0 0.0 0.0 
3.4774141948e-05 0.0 0.0 0.0 
0.00017387070974 0.0 0.0 0.0 
3.4774141948e-05 0.00135317997294 0.0 0.0 
0.000104322425844 0.0 0.0 0.0 
3.4774141948e-05 0.0 0.0 0.0 
0.000243418993636 0.0 0.0 0.0 
0.000208644851688 0.0 0.0 0.0 
3.4774141948e-05 0.0 0.0 0.0 
6.95482838961e-05 0.0 0.0 0.0 
0.00034774141948 0.0 0.0 0.0 
0.00017387070974 0.0 0.0 0.0 
0.000104322425844 0.0 0.0 0.0 
0.00017387070974 0.0 0.0 0.0 
0.00017387070974 0.0 0.0 0.0 
0.000243418993636 0.0 0.0 0.0 
0.000243418993636 0.0 0.0 0.0 
3.4774141948e-05 0.0 0.0 0.0 
3.4774141948e-05 0.0 0.0 0.0 
0.000278193135584 0.0 0.0 0.0 
6.95482838961e-05 0.0 0.0 0.0 
3.4774141948e-05 0.0 0.0 0.0 
3.4774141948e-05 0.0 0.0 0.0 
6.95482838961e-05 0.0 0.0 0.0 
0.000104322425844 0.0 0.00137174211248 0.0 
0.000417289703377 0.00135317997294 0.0 0.0 
0.000452063845325 0.0 0.0 0.0 
0.000417289703377 0.0 0.0 0.0 
0.000625934555065 0.0 0.0 0.0 
3.4774141948e-05 0.0 0.0 0.0 
0.000104322425844 0.0 0.0 0.0 
0.000104322425844 0.0 0.0 0.0 
3.4774141948e-05 0.0 0.0 0.0 
3.4774141948e-05 0.0 0.0 0.0 
0.000312967277532 0.0 0.0 0.0 
3.4774141948e-05 0.0 0.0 0.0 
0.000104322425844 0.0 0.0 0.0 
3.4774141948e-05 0.0 0.0 0.0 
0.000208644851688 0.0 0.0 0.0 
3.4774141948e-05 0.0 0.0 0.0 
3.4774141948e-05 0.0 0.0 0.0 
0.000208644851688 0.0 0.0 0.0 
3.4774141948e-05 0.0 0.0 0.0 
3.4774141948e-05 0.00135317997294 0.0 0.0 
3.4774141948e-05 0.0 0.0 0.0 
0.000278193135584 0.0 0.0 0.0 
3.4774141948e-05 0.0 0.0 0.0 
6.95482838961e-05 0.0 0.0 0.0 
3.4774141948e-05 0.0 0.0 0.0 
3.4774141948e-05 0.0 0.0 0.0 
6.95482838961e-05 0.0 0.0 0.0 
0.000104322425844 0.0 0.0 0.0 
3.4774141948e-05 0.0 0.0 0.0 
3.4774141948e-05 0.0 0.0 0.0 
3.4774141948e-05 0.0 0.0 0.0 
3.4774141948e-05 0.0 0.0 0.0 
3.4774141948e-05 0.0 0.0 0.0 
6.95482838961e-05 0.0 0.0 0.0 
3.4774141948e-05 0.0 0.0 0.0 
6.95482838961e-05 0.0 0.0 0.0 
0.00205167437493 0.00676589986468 0.0 0.0 
0.000834579406753 0.0 0.0 0.0 
0.00146051396182 0.0 0.0 0.0 
3.4774141948e-05 0.0 0.0 0.0 
0.00017387070974 0.0 0.0 0.0 
0.0 0.0 0.0 0.5 
6.95482838961e-05 0.0 0.0 0.0 
3.4774141948e-05 0.0 0.0 0.0 
0.000278193135584 0.0 0.0 0.0 
6.95482838961e-05 0.00135317997294 0.0 0.0 
3.4774141948e-05 0.0 0.0 0.0 
3.4774141948e-05 0.0 0.0 0.0 
6.95482838961e-05 0.0 0.0 0.0 
3.4774141948e-05 0.00270635994587 0.0 0.0 
6.95482838961e-05 0.0 0.0 0.0 
0.000486837987273 0.00270635994587 0.0 0.0 
0.000278193135584 0.0 0.0 0.0 
3.4774141948e-05 0.0 0.0 0.0 
0.0 0.00270635994587 0.0 0.0 
3.4774141948e-05 0.0 0.0 0.0 
3.4774141948e-05 0.0 0.0 0.0 
0.000104322425844 0.00135317997294 0.0 0.0 
0.000243418993636 0.00135317997294 0.0 0.0 
0.000208644851688 0.0 0.0 0.0 
0.00017387070974 0.0 0.0 0.0 
0.000312967277532 0.0 0.0 0.0 
3.4774141948e-05 0.0 0.0 0.0 
0.000139096567792 0.0 0.0 0.0 
6.95482838961e-05 0.0 0.0 0.0 
3.4774141948e-05 0.0 0.0 0.0 
3.4774141948e-05 0.0 0.0 0.0 
0.000278193135584 0.00135317997294 0.0 0.0 
0.00017387070974 0.0 0.00137174211248 0.0 
0.000417289703377 0.0 0.0 0.0 
0.000278193135584 0.0 0.0 0.0 
0.00017387070974 0.0 0.0 0.0 
0.00034774141948 0.0 0.0 0.0 
3.4774141948e-05 0.0 0.0 0.0 
0.00017387070974 0.0 0.0 0.0 
0.000139096567792 0.0 0.0 0.0 
6.95482838961e-05 0.0 0.0 0.0 
6.95482838961e-05 0.0 0.0 0.0 
0.0 0.0 0.00137174211248 0.0 
0.00017387070974 0.0 0.0 0.0 
6.95482838961e-05 0.0 0.0 0.0 
3.4774141948e-05 0.0 0.0 0.0 
0.000312967277532 0.0 0.0 0.0 
0.000278193135584 0.0 0.0 0.0 
0.000417289703377 0.0 0.0 0.0 
6.95482838961e-05 0.0 0.0 0.0 
6.95482838961e-05 0.0 0.0 0.0 
6.95482838961e-05 0.0 0.0 0.0 
0.000417289703377 0.0 0.0 0.0 
6.95482838961e-05 0.0 0.0 0.0 
3.4774141948e-05 0.0 0.0 0.0 
3.4774141948e-05 0.0 0.0 0.0 
6.95482838961e-05 0.0 0.0 0.0 
0.000556386271169 0.00135317997294 0.0 0.0 
0.000139096567792 0.0 0.0 0.0 
0.000104322425844 0.0 0.0 0.0 
3.4774141948e-05 0.0 0.0 0.0 
6.95482838961e-05 0.00135317997294 0.0 0.0 
0.0 0.0 0.00137174211248 0.0 
3.4774141948e-05 0.0 0.0 0.0 
3.4774141948e-05 0.0 0.0 0.0 
6.95482838961e-05 0.00135317997294 0.0 0.0 
0.000139096567792 0.0 0.0 0.0 
3.4774141948e-05 0.0 0.0 0.0 
3.4774141948e-05 0.0 0.0 0.0 
0.000104322425844 0.0 0.0 0.0 
0.000104322425844 0.0 0.0 0.0 
6.95482838961e-05 0.0 0.0 0.0 
0.000104322425844 0.00135317997294 0.0 0.0 
0.000104322425844 0.0 0.0 0.0 
6.95482838961e-05 0.0 0.0 0.0 
3.4774141948e-05 0.0 0.0 0.0 
6.95482838961e-05 0.0 0.0 0.0 
6.95482838961e-05 0.0 0.00137174211248 0.0 
3.4774141948e-05 0.0 0.0 0.0 
0.0 0.00135317997294 0.0 0.0 
3.4774141948e-05 0.0 0.0 0.0 
3.4774141948e-05 0.0 0.0 0.0 
3.4774141948e-05 0.0 0.0 0.0 
0.00149528810377 0.00135317997294 0.0 0.0 
0.0018082553813 0.0 0.00137174211248 0.0 
0.000834579406753 0.0 0.0 0.0 
0.000278193135584 0.0 0.0 0.0 
0.000660708697013 0.0 0.0 0.0 
3.4774141948e-05 0.0 0.0 0.0 
3.4774141948e-05 0.0 0.0 0.0 
3.4774141948e-05 0.0 0.0 0.0 
0.000104322425844 0.0 0.0 0.0 
3.4774141948e-05 0.0 0.0 0.0 
3.4774141948e-05 0.0 0.0 0.0 
3.4774141948e-05 0.0 0.0 0.0 
3.4774141948e-05 0.0 0.0 0.0 
3.4774141948e-05 0.0 0.00137174211248 0.0 
3.4774141948e-05 0.0 0.0 0.0 
3.4774141948e-05 0.0 0.0 0.0 
3.4774141948e-05 0.0 0.0 0.0 
3.4774141948e-05 0.0 0.0 0.0 
0.000869353548701 0.0 0.0 0.0 
0.000208644851688 0.0 0.0 0.0 
0.000556386271169 0.0 0.0 0.0 
0.000139096567792 0.0 0.0 0.0 
3.4774141948e-05 0.0 0.0 0.0 
0.000139096567792 0.00135317997294 0.0 0.0 
0.000208644851688 0.0 0.0 0.0 
0.000104322425844 0.0 0.0 0.0 
0.000104322425844 0.0 0.0 0.0 
3.4774141948e-05 0.0 0.0 0.0 
3.4774141948e-05 0.0 0.0 0.0 
3.4774141948e-05 0.0 0.00137174211248 0.0 
3.4774141948e-05 0.0 0.0 0.0 
0.00017387070974 0.0 0.0 0.0 
0.00111277254234 0.0 0.0 0.0 
0.000104322425844 0.0 0.0 0.0 
0.000695482838961 0.0 0.0 0.0 
0.00153006224571 0.0 0.00137174211248 0.0 
0.00132141739403 0.0 0.0 0.0 
0.000312967277532 0.0 0.0 0.0 
6.95482838961e-05 0.0 0.0 0.0 
0.000104322425844 0.0 0.0 0.0 
0.000208644851688 0.0 0.0 0.0 
3.4774141948e-05 0.0 0.0 0.0 
3.4774141948e-05 0.0 0.0 0.0 
3.4774141948e-05 0.0 0.0 0.0 
3.4774141948e-05 0.0 0.0 0.0 
6.95482838961e-05 0.0 0.0 0.0 
3.4774141948e-05 0.0 0.0 0.0 
3.4774141948e-05 0.0 0.0 0.0 
3.4774141948e-05 0.0 0.0 0.0 
3.4774141948e-05 0.0 0.0 0.0 
3.4774141948e-05 0.0 0.0 0.0 
3.4774141948e-05 0.0 0.0 0.0 
3.4774141948e-05 0.0 0.0 0.0 
0.00034774141948 0.0 0.0 0.0 
0.000208644851688 0.0 0.0 0.0 
6.95482838961e-05 0.0 0.0 0.0 
3.4774141948e-05 0.0 0.0 0.0 
6.95482838961e-05 0.0 0.0 0.0 
3.4774141948e-05 0.0 0.0 0.0 
3.4774141948e-05 0.0 0.0 0.0 
0.000208644851688 0.0 0.0 0.0 
0.000139096567792 0.0 0.0 0.0 
3.4774141948e-05 0.0 0.0 0.0 
0.000625934555065 0.0 0.0 0.0 
3.4774141948e-05 0.0 0.0 0.0 
3.4774141948e-05 0.0 0.0 0.0 
6.95482838961e-05 0.0 0.0 0.0 
0.000139096567792 0.0 0.0 0.0 
3.4774141948e-05 0.0 0.0 0.0 
6.95482838961e-05 0.0 0.0 0.0 
6.95482838961e-05 0.0 0.0 0.0 
0.00017387070974 0.0 0.0 0.0 
0.000104322425844 0.0 0.0 0.0 
6.95482838961e-05 0.0 0.0 0.0 
3.4774141948e-05 0.0 0.0 0.0 
0.00017387070974 0.0 0.0 0.0 
3.4774141948e-05 0.0 0.0 0.0 
6.95482838961e-05 0.0 0.0 0.0 
0.00104322425844 0.00405953991881 0.0 0.0 
0.000486837987273 0.0 0.0 0.0 
0.000556386271169 0.0 0.0 0.0 
3.4774141948e-05 0.0 0.0 0.0 
3.4774141948e-05 0.0 0.0 0.0 
6.95482838961e-05 0.0 0.0 0.0 
3.4774141948e-05 0.0 0.0 0.0 
3.4774141948e-05 0.0 0.0 0.0 
3.4774141948e-05 0.0 0.0 0.0 
0.000104322425844 0.0 0.0 0.0 
6.95482838961e-05 0.0 0.0 0.0 
0.000104322425844 0.0 0.0 0.0 
3.4774141948e-05 0.0 0.0 0.0 
3.4774141948e-05 0.0 0.0 0.0 
6.95482838961e-05 0.0 0.0 0.0 
3.4774141948e-05 0.0 0.0 0.0 
3.4774141948e-05 0.0 0.0 0.0 
3.4774141948e-05 0.0 0.0 0.0 
6.95482838961e-05 0.0 0.0 0.0 
0.000104322425844 0.0 0.0 0.0 
3.4774141948e-05 0.0 0.0 0.0 
3.4774141948e-05 0.0 0.0 0.0 
0.000139096567792 0.0 0.0 0.0 
3.4774141948e-05 0.0 0.0 0.0 
3.4774141948e-05 0.0 0.0 0.0 
3.4774141948e-05 0.0 0.0 0.0 
6.95482838961e-05 0.0 0.0 0.0 
6.95482838961e-05 0.0 0.0 0.0 
6.95482838961e-05 0.0 0.0 0.0 
3.4774141948e-05 0.0 0.0 0.0 
6.95482838961e-05 0.0 0.0 0.0 
3.4774141948e-05 0.0 0.0 0.0 
0.000104322425844 0.0 0.0 0.0 
3.4774141948e-05 0.0 0.0 0.0 
0.00017387070974 0.0 0.00137174211248 0.0 
3.4774141948e-05 0.0 0.0 0.0 
3.4774141948e-05 0.0 0.0 0.0 
3.4774141948e-05 0.0 0.0 0.0 
6.95482838961e-05 0.0 0.0 0.0 
3.4774141948e-05 0.0 0.0 0.0 
3.4774141948e-05 0.0 0.0 0.0 
6.95482838961e-05 0.0 0.0 0.0 
3.4774141948e-05 0.0 0.0 0.0 
0.00017387070974 0.0 0.0 0.0 
3.4774141948e-05 0.0 0.0 0.0 
3.4774141948e-05 0.0 0.0 0.0 
0.000799805264805 0.0 0.00274348422497 0.0 
0.0034774141948 0.0 0.0 0.0 
3.4774141948e-05 0.0 0.0 0.0 
0.0 0.0 0.00137174211248 0.0 
6.95482838961e-05 0.0 0.0 0.0 
3.4774141948e-05 0.0 0.0 0.0 
3.4774141948e-05 0.0 0.0 0.0 
0.0 0.0 0.00137174211248 0.0 
3.4774141948e-05 0.0 0.0 0.0 
3.4774141948e-05 0.0 0.0 0.0 
3.4774141948e-05 0.0 0.0 0.0 
3.4774141948e-05 0.0 0.0 0.0 
3.4774141948e-05 0.0 0.0 0.0 
0.00399902632403 0.0257104194858 0.0 0.0 
0.00504225058247 0.0 0.00685871056241 0.0 
0.00761553708662 0.0 0.0 0.0 
0.00591160413117 0.0175913396482 0.0 0.0 
0.000486837987273 0.0 0.0 0.0 
0.0036165107626 0.0 0.0 0.0 
3.4774141948e-05 0.0 0.0 0.0 
3.4774141948e-05 0.0 0.0 0.0 
3.4774141948e-05 0.0 0.0 0.0 
3.4774141948e-05 0.0 0.0 0.0 
0.000521612129221 0.0 0.0 0.0 
0.0139792050631 0.0 0.00960219478738 0.0 
0.000799805264805 0.0 0.0 0.0 
0.000660708697013 0.00135317997294 0.0 0.0 
6.95482838961e-05 0.0 0.0 0.0 
0.00100845011649 0.0 0.0 0.0 
3.4774141948e-05 0.0 0.0 0.0 
0.000243418993636 0.0 0.0 0.0 
0.000312967277532 0.0 0.0 0.0 
0.00132141739403 0.00676589986468 0.0 0.0 
0.00135619153597 0.0 0.0 0.0 
0.00166915881351 0.0 0.0 0.0 
6.95482838961e-05 0.0 0.0 0.0 
3.4774141948e-05 0.0 0.0 0.0 
3.4774141948e-05 0.0 0.0 0.0 
0.000382515561429 0.0 0.0 0.0 
0.00114754668429 0.0 0.0 0.0 
0.000243418993636 0.0 0.0 0.0 
0.000765031122857 0.0 0.0 0.0 
0.000938901832597 0.0 0.0 0.0 
0.000104322425844 0.0 0.0 0.0 
3.4774141948e-05 0.0 0.0 0.0 
3.4774141948e-05 0.0 0.0 0.0 
3.4774141948e-05 0.0 0.0 0.0 
3.4774141948e-05 0.0 0.0 0.0 
3.4774141948e-05 0.0 0.0 0.0 
3.4774141948e-05 0.0 0.0 0.0 
0.00100845011649 0.0 0.0 0.0 
3.4774141948e-05 0.0 0.0 0.0 
3.4774141948e-05 0.0 0.0 0.0 
3.4774141948e-05 0.0 0.0 0.0 
3.4774141948e-05 0.0 0.0 0.0 
0.00128664325208 0.00541271989175 0.0 0.0 
0.000139096567792 0.0 0.0 0.0 
0.000312967277532 0.0 0.0 0.0 
6.95482838961e-05 0.0 0.0 0.0 
6.95482838961e-05 0.0 0.0 0.0 
3.4774141948e-05 0.0 0.0 0.0 
6.95482838961e-05 0.0 0.0 0.0 
3.4774141948e-05 0.0 0.0 0.0 
0.000104322425844 0.0 0.0 0.0 
3.4774141948e-05 0.0 0.0 0.0 
0.000278193135584 0.0 0.0 0.0 
3.4774141948e-05 0.0 0.0 0.0 
3.4774141948e-05 0.0 0.0 0.0 
3.4774141948e-05 0.0 0.0 0.0 
6.95482838961e-05 0.0 0.0 0.0 
3.4774141948e-05 0.0 0.0 0.0 
6.95482838961e-05 0.0 0.0 0.0 
3.4774141948e-05 0.0 0.0 0.0 
6.95482838961e-05 0.0 0.0 0.0 
0.00166915881351 0.00541271989175 0.0 0.0 
0.000278193135584 0.0 0.0 0.0 
3.4774141948e-05 0.0 0.0 0.0 
0.000104322425844 0.0 0.0 0.0 
3.4774141948e-05 0.0 0.0 0.0 
3.4774141948e-05 0.0 0.0 0.0 
0.000521612129221 0.0 0.0 0.0 
0.000208644851688 0.0 0.0 0.0 
3.4774141948e-05 0.0 0.0 0.0 
6.95482838961e-05 0.0 0.0 0.0 
6.95482838961e-05 0.0 0.0 0.0 
0.000139096567792 0.0 0.0 0.0 
3.4774141948e-05 0.0 0.0 0.0 
0.00344264005286 0.00405953991881 0.0 0.0 
0.00820669749974 0.0 0.0356652949246 0.0 
0.00636366797649 0.0 0.0 0.0 
0.000452063845325 0.0 0.0 0.0 
0.00177348123935 0.00811907983762 0.0 0.0 
0.0129707549466 0.0 0.00137174211248 0.0 
0.00365128490454 0.0 0.0 0.0 
0.000799805264805 0.0 0.0 0.0 
3.4774141948e-05 0.0 0.0 0.0 
0.00184302952325 0.0 0.0 0.0 
3.4774141948e-05 0.0 0.0 0.0 
0.000104322425844 0.0 0.0 0.0 
3.4774141948e-05 0.0 0.0 0.0 
0.000104322425844 0.0 0.0 0.0 
0.000312967277532 0.0 0.0 0.0 
0.000139096567792 0.0 0.0 0.0 
0.000104322425844 0.0 0.0 0.0 
3.4774141948e-05 0.0 0.0 0.0 
3.4774141948e-05 0.0 0.0 0.0 
6.95482838961e-05 0.0 0.0 0.0 
3.4774141948e-05 0.0 0.0 0.0 
6.95482838961e-05 0.0 0.0 0.0 
0.000208644851688 0.0 0.0 0.0 
0.0 0.0 0.00137174211248 0.0 
6.95482838961e-05 0.0 0.0 0.0 
3.4774141948e-05 0.0 0.0 0.0 
3.4774141948e-05 0.0 0.0 0.0 
6.95482838961e-05 0.0 0.0 0.0 
0.000660708697013 0.0 0.00137174211248 0.0 
0.000695482838961 0.0 0.0 0.0 
0.000591160413117 0.0 0.0 0.0 
3.4774141948e-05 0.0 0.0 0.0 
3.4774141948e-05 0.0 0.0 0.0 
3.4774141948e-05 0.0 0.0 0.0 
3.4774141948e-05 0.0 0.0 0.0 
0.000521612129221 0.00676589986468 0.0 0.0 
0.0174913933999 0.0 0.00548696844993 0.0 
0.00107799840039 0.0 0.0 0.0 
0.000591160413117 0.0 0.0 0.0 
3.4774141948e-05 0.0 0.0 0.0 
3.4774141948e-05 0.0 0.0 0.0 
3.4774141948e-05 0.0 0.0 0.0 
3.4774141948e-05 0.0 0.0 0.0 
3.4774141948e-05 0.0 0.0 0.0 
3.4774141948e-05 0.0 0.0 0.0 
0.00159961052961 0.00405953991881 0.0 0.0 
6.95482838961e-05 0.0 0.00274348422497 0.0 
0.00187780366519 0.0 0.0 0.0 
3.4774141948e-05 0.0 0.0 0.0 
0.000382515561429 0.0 0.0 0.0 
0.0117884341204 0.0 0.00411522633745 0.0 
0.00121709496818 0.0 0.0 0.0 
0.000730256980909 0.0 0.0 0.0 
6.95482838961e-05 0.0 0.0 0.0 
0.000208644851688 0.0 0.0 0.0 
3.4774141948e-05 0.0 0.0 0.0 
6.95482838961e-05 0.0 0.0 0.0 
3.4774141948e-05 0.0 0.0 0.0 
3.4774141948e-05 0.0 0.0 0.0 
6.95482838961e-05 0.0 0.0 0.0 
0.000104322425844 0.0 0.0 0.0 
3.4774141948e-05 0.0 0.0 0.0 
3.4774141948e-05 0.0 0.0 0.0 
3.4774141948e-05 0.0 0.0 0.0 
3.4774141948e-05 0.0 0.0 0.0 
3.4774141948e-05 0.0 0.0 0.0 
3.4774141948e-05 0.0 0.0 0.0 
3.4774141948e-05 0.0 0.0 0.0 
3.4774141948e-05 0.0 0.0 0.0 
3.4774141948e-05 0.0 0.0 0.0 
0.0 0.00135317997294 0.0 0.0 
0.000104322425844 0.0 0.0 0.0 
0.000104322425844 0.0 0.0 0.0 
0.000139096567792 0.0 0.0 0.0 
0.000104322425844 0.0 0.0 0.0 
3.4774141948e-05 0.0 0.0 0.0 
3.4774141948e-05 0.0 0.0 0.0 
3.4774141948e-05 0.0 0.0 0.0 
3.4774141948e-05 0.0 0.0 0.0 
0.000139096567792 0.0 0.0 0.0 
0.00445109016935 0.0 0.00411522633745 0.0 
0.00104322425844 0.0 0.0 0.0 
0.000139096567792 0.0 0.0 0.0 
3.4774141948e-05 0.0 0.0 0.0 
0.000208644851688 0.0 0.0 0.0 
3.4774141948e-05 0.0 0.0 0.0 
3.4774141948e-05 0.0 0.0 0.0 
3.4774141948e-05 0.0 0.0 0.0 
3.4774141948e-05 0.0 0.0 0.0 
0.000591160413117 0.0 0.0 0.0 
0.00017387070974 0.0 0.0 0.0 
3.4774141948e-05 0.0 0.0 0.0 
6.95482838961e-05 0.0 0.0 0.0 
3.4774141948e-05 0.0 0.0 0.0 
3.4774141948e-05 0.0 0.0 0.0 
3.4774141948e-05 0.0 0.0 0.0 
3.4774141948e-05 0.0 0.0 0.0 
0.000104322425844 0.0 0.0 0.0 
3.4774141948e-05 0.0 0.0 0.0 
6.95482838961e-05 0.0 0.0 0.0 
0.00034774141948 0.0 0.0 0.0 
6.95482838961e-05 0.0 0.0 0.0 
3.4774141948e-05 0.0 0.0 0.0 
3.4774141948e-05 0.0 0.0 0.0 
0.000104322425844 0.0 0.0 0.0 
3.4774141948e-05 0.0 0.0 0.0 
3.4774141948e-05 0.0 0.0 0.0 
6.95482838961e-05 0.0 0.0 0.0 
3.4774141948e-05 0.0 0.0 0.0 
3.4774141948e-05 0.0 0.0 0.0 
3.4774141948e-05 0.0 0.0 0.0 
0.000765031122857 0.0 0.0 0.0 
0.000904127690649 0.0 0.0 0.0 
3.4774141948e-05 0.0 0.0 0.0 
6.95482838961e-05 0.0 0.0 0.0 
3.4774141948e-05 0.0 0.0 0.0 
3.4774141948e-05 0.0 0.0 0.0 
3.4774141948e-05 0.0 0.0 0.0 
3.4774141948e-05 0.0 0.0 0.0 
3.4774141948e-05 0.0 0.0 0.0 
3.4774141948e-05 0.0 0.0 0.0 
3.4774141948e-05 0.0 0.0 0.0 
3.4774141948e-05 0.0 0.0 0.0 
3.4774141948e-05 0.0 0.0 0.0 
6.95482838961e-05 0.0 0.0 0.0 
3.4774141948e-05 0.0 0.0 0.0 
0.000730256980909 0.0 0.0 0.0 
3.4774141948e-05 0.0 0.0 0.0 
0.00351218833675 0.0 0.0 0.0 
0.000208644851688 0.0 0.0 0.0 
0.000139096567792 0.0 0.0 0.0 
6.95482838961e-05 0.0 0.0 0.0 
0.00608547484091 0.0 0.00685871056241 0.0 
0.00250373822026 0.0 0.0 0.0 
0.000556386271169 0.0 0.00137174211248 0.0 
0.00132141739403 0.0 0.0 0.0 
3.4774141948e-05 0.0 0.0 0.0 
0.000243418993636 0.0 0.0 0.0 
6.95482838961e-05 0.0 0.0 0.0 
0.00201690023299 0.0 0.00137174211248 0.0 
3.4774141948e-05 0.0 0.0 0.0 
0.000417289703377 0.0 0.0 0.0 
0.000765031122857 0.0 0.00137174211248 0.0 
0.00142573981987 0.0 0.0 0.0 
3.4774141948e-05 0.0 0.0 0.0 
0.00034774141948 0.0 0.00137174211248 0.0 
0.000208644851688 0.0 0.0 0.0 
0.000104322425844 0.0 0.0 0.0 
6.95482838961e-05 0.0 0.0 0.0 
0.000312967277532 0.0 0.0 0.0 
0.000104322425844 0.0 0.0 0.0 
3.4774141948e-05 0.0 0.0 0.0 
3.4774141948e-05 0.0 0.00137174211248 0.0 
3.4774141948e-05 0.0 0.0 0.0 
3.4774141948e-05 0.0 0.0 0.0 
3.4774141948e-05 0.0 0.0 0.0 
0.000730256980909 0.0 0.0 0.0 
0.000139096567792 0.0 0.0 0.0 
0.000139096567792 0.0 0.0 0.0 
0.000104322425844 0.0 0.0 0.0 
3.4774141948e-05 0.0 0.0 0.0 
3.4774141948e-05 0.0 0.0 0.0 
0.000312967277532 0.00270635994587 0.0 0.0 
0.00017387070974 0.0 0.0 0.0 
3.4774141948e-05 0.0 0.0 0.0 
3.4774141948e-05 0.0 0.0 0.0 
0.00267760893 0.0108254397835 0.0 0.0 
0.00257328650416 0.0 0.00685871056241 0.0 
0.00201690023299 0.0 0.0 0.0 
3.4774141948e-05 0.0 0.0 0.0 
0.0119275306882 0.020297699594 0.0 0.0 
0.00146051396182 0.0 0.00137174211248 0.0 
0.00625934555065 0.0 0.0 0.0 
0.00337309176896 0.0108254397835 0.0 0.0 
0.00104322425844 0.0 0.0 0.0 
6.95482838961e-05 0.0 0.00137174211248 0.0 
0.000660708697013 0.00405953991881 0.0 0.0 
6.95482838961e-05 0.0 0.0 0.0 
0.000799805264805 0.00270635994587 0.0 0.0 
0.000730256980909 0.0 0.0 0.0 
0.000486837987273 0.0 0.00137174211248 0.0 
0.000278193135584 0.0 0.0 0.0 
3.4774141948e-05 0.0 0.0 0.0 
0.000139096567792 0.0 0.0 0.0 
3.4774141948e-05 0.0 0.0 0.0 
0.000765031122857 0.0 0.0 0.0 
0.00125186911013 0.0 0.0 0.0 
0.000904127690649 0.0 0.0 0.0 
0.00034774141948 0.0 0.0 0.0 
0.000243418993636 0.0 0.0 0.0 
6.95482838961e-05 0.0 0.0 0.0 
0.0 0.00135317997294 0.0 0.0 
0.0 0.00270635994587 0.0 0.0 
0.000382515561429 0.00135317997294 0.0 0.0 
0.0 0.0 0.00137174211248 0.0 
0.000278193135584 0.0 0.0 0.0 
6.95482838961e-05 0.0 0.0 0.0 
0.000695482838961 0.00541271989175 0.0 0.0 
0.000139096567792 0.0 0.0 0.0 
0.000104322425844 0.0 0.0 0.0 
0.000104322425844 0.0 0.0 0.0 
3.4774141948e-05 0.0 0.0 0.0 
6.95482838961e-05 0.0 0.0 0.0 
3.4774141948e-05 0.0 0.0 0.0 
3.4774141948e-05 0.0 0.0 0.0 
3.4774141948e-05 0.0 0.0 0.0 
3.4774141948e-05 0.0 0.0 0.0 
0.00017387070974 0.0 0.0 0.0 
0.000139096567792 0.0 0.0 0.0 
6.95482838961e-05 0.0 0.0 0.0 
0.000452063845325 0.00135317997294 0.0 0.0 
6.95482838961e-05 0.0 0.0 0.0 
3.4774141948e-05 0.0 0.0 0.0 
3.4774141948e-05 0.0 0.0 0.0 
0.0 0.00135317997294 0.0 0.0 
6.95482838961e-05 0.0 0.0 0.0 
3.4774141948e-05 0.0 0.0 0.0 
0.000208644851688 0.0 0.0 0.0 
3.4774141948e-05 0.0 0.0 0.0 
3.4774141948e-05 0.0 0.0 0.0 
0.000104322425844 0.0 0.0 0.0 
0.000208644851688 0.00270635994587 0.0 0.0 
3.4774141948e-05 0.0 0.0 0.0 
3.4774141948e-05 0.0 0.0 0.0 
6.95482838961e-05 0.0 0.0 0.0 
3.4774141948e-05 0.0 0.0 0.0 
3.4774141948e-05 0.0 0.0 0.0 
0.000312967277532 0.00135317997294 0.0 0.0 
0.000417289703377 0.0 0.0 0.0 
0.000382515561429 0.00270635994587 0.0 0.0 
0.000521612129221 0.0 0.00274348422497 0.0 
0.00034774141948 0.0 0.0 0.0 
6.95482838961e-05 0.0 0.0 0.0 
3.4774141948e-05 0.00135317997294 0.0 0.0 
0.000208644851688 0.0 0.0 0.0 
6.95482838961e-05 0.0 0.0 0.0 
3.4774141948e-05 0.0 0.0 0.0 
0.000139096567792 0.0 0.0 0.0 
3.4774141948e-05 0.0 0.0 0.0 
3.4774141948e-05 0.0 0.0 0.0 
3.4774141948e-05 0.0 0.0 0.0 
3.4774141948e-05 0.0 0.0 0.0 
3.4774141948e-05 0.0 0.0 0.0 
3.4774141948e-05 0.0 0.0 0.0 
3.4774141948e-05 0.0 0.0 0.0 
3.4774141948e-05 0.0 0.0 0.0 
0.00156483638766 0.00405953991881 0.0 0.0 
6.95482838961e-05 0.0 0.0 0.0 
0.000278193135584 0.0 0.0 0.0 
3.4774141948e-05 0.0 0.0 0.0 
3.4774141948e-05 0.0 0.0 0.0 
3.4774141948e-05 0.0 0.0 0.0 
3.4774141948e-05 0.0 0.0 0.0 
0.00504225058247 0.00947225981055 0.0 0.0 
0.00017387070974 0.0 0.0 0.0 
0.000452063845325 0.00135317997294 0.0 0.0 
3.4774141948e-05 0.0 0.0 0.0 
0.000452063845325 0.00135317997294 0.0 0.0 
6.95482838961e-05 0.0 0.0 0.0 
3.4774141948e-05 0.0 0.0 0.0 
6.95482838961e-05 0.0 0.0 0.0 
3.4774141948e-05 0.0 0.0 0.0 
6.95482838961e-05 0.0 0.0 0.0 
0.000521612129221 0.0 0.0 0.0 
0.00017387070974 0.00270635994587 0.0 0.0 
3.4774141948e-05 0.0 0.0 0.0 
3.4774141948e-05 0.0 0.0 0.0 
6.95482838961e-05 0.0 0.0 0.0 
3.4774141948e-05 0.0 0.0 0.0 
3.4774141948e-05 0.0 0.0 0.0 
3.4774141948e-05 0.0 0.0 0.0 
3.4774141948e-05 0.0 0.0 0.0 
0.00034774141948 0.0 0.0 0.0 
3.4774141948e-05 0.0 0.0 0.0 
6.95482838961e-05 0.0 0.0 0.0 
0.00100845011649 0.00270635994587 0.0 0.0 
3.4774141948e-05 0.0 0.0 0.0 
0.000382515561429 0.0 0.0 0.0 
0.000799805264805 0.0 0.0 0.0 
0.000417289703377 0.0 0.0 0.0 
6.95482838961e-05 0.0 0.0 0.0 
6.95482838961e-05 0.0 0.0 0.0 
0.0 0.0 0.00137174211248 0.0 
3.4774141948e-05 0.0 0.00137174211248 0.0 
6.95482838961e-05 0.0 0.0 0.0 
6.95482838961e-05 0.0 0.00137174211248 0.0 
0.00476405744688 0.00541271989175 0.0 0.0 
0.0182564245227 0.0 0.0384087791495 0.0 
0.0183607469486 0.0 0.0 0.0 
0.00222554508468 0.0121786197564 0.0 0.0 
0.00166915881351 0.0 0.00548696844993 0.0 
0.00514657300831 0.0 0.0 0.0 
3.4774141948e-05 0.0 0.0 0.0 
0.000104322425844 0.0 0.0 0.0 
0.000208644851688 0.0 0.0 0.0 
0.0 0.0 0.00137174211248 0.0 
0.000417289703377 0.00135317997294 0.0 0.0 
0.00107799840039 0.0 0.0 0.0 
6.95482838961e-05 0.0 0.0 0.0 
0.000104322425844 0.0 0.0 0.0 
3.4774141948e-05 0.0 0.0 0.0 
6.95482838961e-05 0.0 0.0 0.0 
0.000243418993636 0.0 0.00137174211248 0.0 
0.000139096567792 0.0 0.0 0.0 
0.000104322425844 0.0 0.0 0.0 
3.4774141948e-05 0.0 0.0 0.0 
3.4774141948e-05 0.0 0.0 0.0 
3.4774141948e-05 0.0 0.0 0.0 
6.95482838961e-05 0.0 0.0 0.0 
6.95482838961e-05 0.0 0.0 0.0 
0.000104322425844 0.0 0.0 0.0 
6.95482838961e-05 0.0 0.0 0.0 
0.000243418993636 0.0 0.0 0.0 
0.00017387070974 0.0 0.0 0.0 
6.95482838961e-05 0.0 0.0 0.0 
3.4774141948e-05 0.0 0.0 0.0 
0.000486837987273 0.00135317997294 0.0 0.0 
0.00330354348506 0.0 0.00411522633745 0.0 
0.00163438467156 0.0 0.0 0.0 
3.4774141948e-05 0.0 0.0 0.0 
3.4774141948e-05 0.0 0.0 0.0 
0.0 0.00135317997294 0.0 0.0 
3.4774141948e-05 0.0 0.0 0.0 
0.000139096567792 0.0 0.0 0.0 
3.4774141948e-05 0.0 0.0 0.0 
3.4774141948e-05 0.0 0.0 0.0 
0.000208644851688 0.0 0.0 0.0 
6.95482838961e-05 0.0 0.0 0.0 
3.4774141948e-05 0.0 0.0 0.0 
0.000556386271169 0.00405953991881 0.0 0.0 
0.00194735194909 0.0 0.0 0.0 
0.000625934555065 0.0 0.0 0.0 
0.00445109016935 0.0 0.00411522633745 0.0 
0.00330354348506 0.0 0.0 0.0 
3.4774141948e-05 0.00135317997294 0.0 0.0 
3.4774141948e-05 0.0 0.0 0.0 
3.4774141948e-05 0.0 0.0 0.0 
3.4774141948e-05 0.0 0.0 0.0 
0.000139096567792 0.0 0.0 0.0 
0.000208644851688 0.0 0.0 0.0 
0.000208644851688 0.0 0.0 0.0 
3.4774141948e-05 0.0 0.0 0.0 
6.95482838961e-05 0.0 0.0 0.0 
0.000104322425844 0.0 0.0 0.0 
3.4774141948e-05 0.0 0.0 0.0 
3.4774141948e-05 0.0 0.0 0.0 
0.000104322425844 0.0 0.0 0.0 
0.000139096567792 0.0 0.0 0.0 
6.95482838961e-05 0.0 0.0 0.0 
3.4774141948e-05 0.0 0.0 0.0 
3.4774141948e-05 0.0 0.0 0.0 
0.000104322425844 0.0 0.0 0.0 
3.4774141948e-05 0.0 0.0 0.0 
3.4774141948e-05 0.0 0.0 0.0 
0.000139096567792 0.0 0.0 0.0 
3.4774141948e-05 0.0 0.0 0.0 
0.000278193135584 0.0 0.0 0.0 
0.00017387070974 0.0 0.0 0.0 
0.000139096567792 0.0 0.0 0.0 
3.4774141948e-05 0.0 0.0 0.0 
3.4774141948e-05 0.0 0.0 0.0 
3.4774141948e-05 0.0 0.0 0.0 
3.4774141948e-05 0.0 0.0 0.0 
0.00017387070974 0.0 0.00548696844993 0.0 
6.95482838961e-05 0.0 0.0 0.0 
3.4774141948e-05 0.0 0.0 0.0 
0.00017387070974 0.0 0.0 0.0 
6.95482838961e-05 0.0 0.0 0.0 
0.000104322425844 0.0 0.0 0.0 
3.4774141948e-05 0.0 0.0 0.0 
3.4774141948e-05 0.0 0.0 0.0 
0.000104322425844 0.0 0.0 0.0 
6.95482838961e-05 0.0 0.0 0.0 
6.95482838961e-05 0.0 0.0 0.0 
6.95482838961e-05 0.0 0.0 0.0 
3.4774141948e-05 0.0 0.0 0.0 
3.4774141948e-05 0.0 0.0 0.0 
3.4774141948e-05 0.0 0.0 0.0 
3.4774141948e-05 0.0 0.0 0.0 
0.000208644851688 0.0 0.0 0.0 
0.000139096567792 0.0 0.0 0.0 
3.4774141948e-05 0.0 0.0 0.0 
3.4774141948e-05 0.0 0.0 0.0 
0.000730256980909 0.00135317997294 0.0 0.0 
0.00118232082623 0.0 0.00411522633745 0.0 
0.0018082553813 0.0 0.0 0.0 
3.4774141948e-05 0.0 0.0 0.0 
3.4774141948e-05 0.0 0.0 0.0 
3.4774141948e-05 0.0 0.0 0.0 
3.4774141948e-05 0.0 0.0 0.0 
3.4774141948e-05 0.0 0.0 0.0 
3.4774141948e-05 0.0 0.0 0.0 
3.4774141948e-05 0.00135317997294 0.00137174211248 0.0 
0.000104322425844 0.0 0.0 0.0 
6.95482838961e-05 0.0 0.0 0.0 
0.0 0.00135317997294 0.0 0.0 
3.4774141948e-05 0.0 0.0 0.0 
3.4774141948e-05 0.0 0.0 0.0 
0.000312967277532 0.0 0.0 0.0 
6.95482838961e-05 0.0 0.0 0.0 
0.00017387070974 0.0 0.0 0.0 
0.00034774141948 0.0 0.0 0.0 
0.000104322425844 0.0 0.0 0.0 
3.4774141948e-05 0.0 0.0 0.0 
3.4774141948e-05 0.0 0.0 0.0 
0.000591160413117 0.0 0.00548696844993 0.0 
0.000660708697013 0.0 0.0 0.0 
0.000104322425844 0.0 0.0 0.0 
0.000139096567792 0.0 0.0 0.0 
0.000104322425844 0.0 0.0 0.0 
3.4774141948e-05 0.0 0.0 0.0 
3.4774141948e-05 0.0 0.0 0.0 
3.4774141948e-05 0.0 0.0 0.0 
0.000104322425844 0.0 0.0 0.0 
3.4774141948e-05 0.0 0.0 0.0 
0.00017387070974 0.0 0.0 0.0 
0.0 0.0 0.00137174211248 0.0 
0.000104322425844 0.0 0.0 0.0 
0.000208644851688 0.0 0.00137174211248 0.0 
0.000243418993636 0.0 0.0 0.0 
3.4774141948e-05 0.0 0.0 0.0 
3.4774141948e-05 0.0 0.0 0.0 
3.4774141948e-05 0.0 0.0 0.0 
0.000139096567792 0.0 0.0 0.0 
0.000139096567792 0.0 0.0 0.0 
3.4774141948e-05 0.0 0.0 0.0 
3.4774141948e-05 0.0 0.0 0.0 
3.4774141948e-05 0.0 0.0 0.0 
6.95482838961e-05 0.0 0.0 0.0 
6.95482838961e-05 0.0 0.0 0.0 
0.00017387070974 0.0 0.00137174211248 0.0 
0.000104322425844 0.0 0.0 0.0 
6.95482838961e-05 0.0 0.0 0.0 
3.4774141948e-05 0.0 0.0 0.0 
0.000104322425844 0.0 0.0 0.0 
3.4774141948e-05 0.0 0.0 0.0 
3.4774141948e-05 0.0 0.0 0.0 
0.000139096567792 0.0 0.0 0.0 
3.4774141948e-05 0.0 0.0 0.0 
3.4774141948e-05 0.0 0.0 0.0 
0.000104322425844 0.0 0.0 0.0 
6.95482838961e-05 0.00135317997294 0.0 0.0 
6.95482838961e-05 0.0 0.0 0.0 
0.000591160413117 0.0 0.0 0.0 
3.4774141948e-05 0.0 0.00137174211248 0.0 
3.4774141948e-05 0.0 0.0 0.0 
0.000208644851688 0.0 0.00137174211248 0.0 
3.4774141948e-05 0.0 0.0 0.0 
0.000834579406753 0.00135317997294 0.0 0.0 
0.000104322425844 0.0 0.0 0.0 
0.00121709496818 0.0 0.0 0.0 
0.000278193135584 0.0 0.0 0.0 
0.000243418993636 0.0 0.0 0.0 
0.000139096567792 0.0 0.0 0.0 
3.4774141948e-05 0.0 0.0 0.0 
6.95482838961e-05 0.0 0.0 0.0 
3.4774141948e-05 0.0 0.0 0.0 
3.4774141948e-05 0.0 0.0 0.0 
0.000104322425844 0.0 0.0 0.0 
0.000312967277532 0.0 0.0 0.0 
0.00034774141948 0.0 0.0 0.0 
0.000208644851688 0.0 0.0 0.0 
3.4774141948e-05 0.0 0.0 0.0 
0.000382515561429 0.0 0.00137174211248 0.0 
0.00034774141948 0.0 0.0 0.0 
0.00605070069896 0.0108254397835 0.0 0.0 
0.00538999200195 0.0 0.00411522633745 0.0 
0.00392947804013 0.0 0.0 0.0 
0.00424244531766 0.0108254397835 0.0 0.0 
6.95482838961e-05 0.0 0.00137174211248 0.0 
0.00118232082623 0.0 0.0 0.0 
0.0 0.0 0.00137174211248 0.0 
0.000417289703377 0.00270635994587 0.0 0.0 
3.4774141948e-05 0.0 0.0 0.0 
0.00246896407831 0.00405953991881 0.0 0.0 
0.00034774141948 0.0 0.0 0.0 
3.4774141948e-05 0.0 0.0 0.0 
0.000869353548701 0.00405953991881 0.0 0.0 
0.000695482838961 0.0 0.00137174211248 0.0 
0.000556386271169 0.0 0.0 0.0 
6.95482838961e-05 0.0 0.0 0.0 
3.4774141948e-05 0.0 0.0 0.0 
0.00017387070974 0.0 0.0 0.0 
3.4774141948e-05 0.0 0.0 0.0 
0.00306012449143 0.00811907983762 0.0 0.0 
0.00135619153597 0.0 0.00548696844993 0.0 
0.00232986751052 0.0 0.0 0.0 
3.4774141948e-05 0.0 0.0 0.0 
0.00034774141948 0.00135317997294 0.0 0.0 
0.000104322425844 0.0 0.0 0.0 
0.000834579406753 0.0 0.0 0.0 
6.95482838961e-05 0.0 0.0 0.0 
3.4774141948e-05 0.0 0.0 0.0 
3.4774141948e-05 0.00405953991881 0.0 0.0 
3.4774141948e-05 0.0 0.0 0.0 
6.95482838961e-05 0.0 0.0 0.0 
3.4774141948e-05 0.0 0.0 0.0 
0.000486837987273 0.0 0.0 0.0 
3.4774141948e-05 0.0 0.0 0.0 
3.4774141948e-05 0.0 0.0 0.0 
6.95482838961e-05 0.0 0.0 0.0 
0.00017387070974 0.0 0.0 0.0 
0.000312967277532 0.00135317997294 0.0 0.0 
0.000834579406753 0.0 0.0617283950617 0.0 
6.95482838961e-05 0.0 0.0 0.0 
6.95482838961e-05 0.0 0.0 0.0 
3.4774141948e-05 0.0 0.0 0.0 
0.000521612129221 0.00541271989175 0.0 0.0 
0.000521612129221 0.0 0.0 0.0 
0.000139096567792 0.0 0.0 0.0 
0.000208644851688 0.0 0.0 0.0 
0.000625934555065 0.0 0.0 0.0 
3.4774141948e-05 0.0 0.0 0.0 
3.4774141948e-05 0.0 0.0 0.0 
3.4774141948e-05 0.0 0.0 0.0 
3.4774141948e-05 0.0 0.0 0.0 
3.4774141948e-05 0.0 0.0 0.0 
6.95482838961e-05 0.0 0.0 0.0 
3.4774141948e-05 0.0 0.0 0.0 
3.4774141948e-05 0.0 0.0 0.0 
6.95482838961e-05 0.0 0.0 0.0 
3.4774141948e-05 0.0 0.0 0.0 
3.4774141948e-05 0.0 0.0 0.0 
3.4774141948e-05 0.0 0.0 0.0 
0.000104322425844 0.0 0.0 0.0 
3.4774141948e-05 0.0 0.0 0.0 
0.000243418993636 0.0 0.0 0.0 
0.000208644851688 0.0 0.0 0.0 
0.000452063845325 0.0 0.0 0.0 
3.4774141948e-05 0.00135317997294 0.0 0.0 
3.4774141948e-05 0.0 0.0 0.0 
0.000243418993636 0.0 0.0 0.0 
3.4774141948e-05 0.00135317997294 0.0 0.0 
0.00017387070974 0.0 0.0 0.0 
0.000104322425844 0.00270635994587 0.0 0.0 
3.4774141948e-05 0.0 0.0 0.0 
0.000104322425844 0.00135317997294 0.0 0.0 
3.4774141948e-05 0.0 0.0 0.0 
3.4774141948e-05 0.0 0.0 0.0 
3.4774141948e-05 0.0 0.0 0.0 
6.95482838961e-05 0.00135317997294 0.0 0.0 
6.95482838961e-05 0.0 0.0 0.0 
3.4774141948e-05 0.0 0.0 0.0 
3.4774141948e-05 0.0 0.0 0.0 
6.95482838961e-05 0.0 0.00137174211248 0.0 
3.4774141948e-05 0.0 0.0 0.0 
0.000139096567792 0.0 0.0 0.0 
0.000104322425844 0.0 0.0 0.0 
6.95482838961e-05 0.0 0.0 0.0 
0.000730256980909 0.0 0.0 0.0 
0.000104322425844 0.0 0.0 0.0 
6.95482838961e-05 0.0 0.0 0.0 
3.4774141948e-05 0.0 0.0 0.0 
3.4774141948e-05 0.0 0.0 0.0 
6.95482838961e-05 0.0 0.00137174211248 0.0 
3.4774141948e-05 0.0 0.0 0.0 
3.4774141948e-05 0.0 0.0 0.0 
0.000139096567792 0.0 0.0 0.0 
3.4774141948e-05 0.0 0.0 0.0 
0.000904127690649 0.00135317997294 0.0 0.0 
0.000556386271169 0.0 0.0 0.0 
0.000208644851688 0.0 0.0 0.0 
0.000486837987273 0.0 0.00137174211248 0.0 
0.000695482838961 0.0 0.0 0.0 
3.4774141948e-05 0.0 0.0 0.0 
3.4774141948e-05 0.0 0.0 0.0 
0.000312967277532 0.00405953991881 0.0 0.0 
0.00017387070974 0.0 0.0 0.0 
3.4774141948e-05 0.0 0.0 0.0 
0.0 0.00270635994587 0.0 0.0 
3.4774141948e-05 0.0 0.0 0.0 
3.4774141948e-05 0.0 0.0 0.0 
3.4774141948e-05 0.0 0.0 0.0 
3.4774141948e-05 0.0 0.0 0.0 
3.4774141948e-05 0.0 0.0 0.0 
3.4774141948e-05 0.0 0.0 0.0 
3.4774141948e-05 0.0 0.0 0.0 
6.95482838961e-05 0.0 0.0 0.0 
0.000104322425844 0.0 0.0 0.0 
3.4774141948e-05 0.0 0.0 0.0 
3.4774141948e-05 0.0 0.0 0.0 
3.4774141948e-05 0.0 0.0 0.0 
3.4774141948e-05 0.0 0.0 0.0 
3.4774141948e-05 0.0 0.0 0.0 
3.4774141948e-05 0.0 0.0 0.0 
3.4774141948e-05 0.0 0.0 0.0 
3.4774141948e-05 0.0 0.0 0.0 
6.95482838961e-05 0.0 0.0 0.0 
3.4774141948e-05 0.0 0.0 0.0 
6.95482838961e-05 0.0 0.0 0.0 
3.4774141948e-05 0.0 0.0 0.0 
6.95482838961e-05 0.0 0.0 0.0 
3.4774141948e-05 0.0 0.0 0.0 
3.4774141948e-05 0.0 0.0 0.0 
3.4774141948e-05 0.0 0.0 0.0 
6.95482838961e-05 0.0 0.0 0.0 
3.4774141948e-05 0.0 0.0 0.0 
0.000799805264805 0.00270635994587 0.0 0.0 
0.000765031122857 0.0 0.0 0.0 
0.000312967277532 0.0 0.0 0.0 
0.000938901832597 0.0 0.0 0.0 
0.000139096567792 0.0 0.0 0.0 
3.4774141948e-05 0.0 0.0 0.0 
0.00034774141948 0.00270635994587 0.0 0.0 
3.4774141948e-05 0.0 0.0 0.0 
6.95482838961e-05 0.0 0.0 0.0 
0.000208644851688 0.0 0.0 0.0 
0.000139096567792 0.0 0.0 0.0 
3.4774141948e-05 0.0 0.0 0.0 
0.00017387070974 0.0 0.0 0.0 
6.95482838961e-05 0.0 0.0 0.0 
3.4774141948e-05 0.0 0.0 0.0 
6.95482838961e-05 0.0 0.0 0.0 
3.4774141948e-05 0.0 0.0 0.0 
0.000139096567792 0.0 0.0 0.0 
3.4774141948e-05 0.0 0.0 0.0 
0.0 0.00135317997294 0.0 0.0 
3.4774141948e-05 0.0 0.0 0.0 
3.4774141948e-05 0.0 0.0 0.0 
3.4774141948e-05 0.0 0.0 0.0 
6.95482838961e-05 0.0 0.0 0.0 
3.4774141948e-05 0.0 0.0 0.0 
0.0961505024864 0.0 0.0 0.0 
0.000139096567792 0.0 0.0 0.0 
6.95482838961e-05 0.0 0.0 0.0 
0.000278193135584 0.0 0.0 0.0 
0.00034774141948 0.0 0.0 0.0 
6.95482838961e-05 0.0 0.0 0.0 
0.000834579406753 0.0 0.0 0.0 
3.4774141948e-05 0.0 0.0 0.0 
3.4774141948e-05 0.0 0.0 0.0 
6.95482838961e-05 0.0 0.0 0.0 
0.000278193135584 0.00135317997294 0.0 0.0 
0.00017387070974 0.0 0.0 0.0 
0.00017387070974 0.0 0.0 0.0 
3.4774141948e-05 0.0 0.0 0.0 
0.000243418993636 0.0 0.0 0.0 
0.000521612129221 0.0 0.0 0.0 
3.4774141948e-05 0.0 0.0 0.0 
0.000139096567792 0.00135317997294 0.0 0.0 
6.95482838961e-05 0.0 0.0 0.0 
3.4774141948e-05 0.0 0.0 0.0 
0.000208644851688 0.0 0.0 0.0 
0.00017387070974 0.0 0.0 0.0 
0.000104322425844 0.0 0.0 0.0 
0.00017387070974 0.0 0.0 0.0 
3.4774141948e-05 0.0 0.0 0.0 
3.4774141948e-05 0.0 0.0 0.0 
6.95482838961e-05 0.00135317997294 0.0 0.0 
3.4774141948e-05 0.0 0.0 0.0 
0.0 0.0 0.0 0.5 
3.4774141948e-05 0.0 0.0 0.0 
3.4774141948e-05 0.0 0.0 0.0 
6.95482838961e-05 0.0 0.0 0.0 
0.000104322425844 0.0 0.0 0.0 
3.4774141948e-05 0.0 0.0 0.0 
0.000208644851688 0.0 0.0 0.0 
0.000486837987273 0.0 0.00137174211248 0.0 
0.000452063845325 0.0 0.0 0.0 
3.4774141948e-05 0.0 0.0 0.0 
3.4774141948e-05 0.0 0.0 0.0 
0.000243418993636 0.0 0.0 0.0 
3.4774141948e-05 0.0 0.0 0.0 
3.4774141948e-05 0.0 0.0 0.0 
3.4774141948e-05 0.0 0.0 0.0 
0.000104322425844 0.0 0.0 0.0 
3.4774141948e-05 0.0 0.0 0.0 
3.4774141948e-05 0.0 0.0 0.0 
3.4774141948e-05 0.0 0.0 0.0 
3.4774141948e-05 0.0 0.0 0.0 
3.4774141948e-05 0.0 0.0 0.0 
0.000104322425844 0.0 0.0 0.0 
3.4774141948e-05 0.0 0.0 0.0 
3.4774141948e-05 0.0 0.0 0.0 
3.4774141948e-05 0.0 0.0 0.0 
0.000104322425844 0.0 0.0 0.0 
6.95482838961e-05 0.0 0.0 0.0 
0.00219077094273 0.00541271989175 0.0 0.0 
6.95482838961e-05 0.0 0.0 0.0 
6.95482838961e-05 0.0 0.0 0.0 
0.000139096567792 0.0 0.0 0.0 
3.4774141948e-05 0.0 0.0 0.0 
0.000486837987273 0.0 0.0 0.0 
3.4774141948e-05 0.0 0.0 0.0 
0.000452063845325 0.0 0.0 0.0 
6.95482838961e-05 0.0 0.0 0.0 
0.000417289703377 0.00270635994587 0.0 0.0 
0.000104322425844 0.0 0.0 0.0 
6.95482838961e-05 0.00135317997294 0.0 0.0 
0.00017387070974 0.0 0.0 0.0 
0.000139096567792 0.0 0.00137174211248 0.0 
0.000452063845325 0.0 0.0 0.0 
3.4774141948e-05 0.0 0.0 0.0 
0.00017387070974 0.0 0.0 0.0 
0.00017387070974 0.0 0.0 0.0 
6.95482838961e-05 0.0 0.0 0.0 
0.000139096567792 0.0 0.0 0.0 
3.4774141948e-05 0.0 0.0 0.0 
3.4774141948e-05 0.0 0.0 0.0 
3.4774141948e-05 0.0 0.0 0.0 
3.4774141948e-05 0.0 0.0 0.0 
3.4774141948e-05 0.0 0.0 0.0 
0.000104322425844 0.0 0.0 0.0 
3.4774141948e-05 0.0 0.0 0.0 
3.4774141948e-05 0.0 0.0 0.0 
3.4774141948e-05 0.0 0.0 0.0 
3.4774141948e-05 0.0 0.0 0.0 
3.4774141948e-05 0.0 0.0 0.0 
6.95482838961e-05 0.0 0.0 0.0 
3.4774141948e-05 0.0 0.0 0.0 
0.000104322425844 0.0 0.0 0.0 
6.95482838961e-05 0.0 0.0 0.0 
0.000104322425844 0.0 0.0 0.0 
6.95482838961e-05 0.0 0.0 0.0 
6.95482838961e-05 0.0 0.0 0.0 
3.4774141948e-05 0.0 0.0 0.0 
0.000104322425844 0.0 0.00274348422497 0.0 
0.000104322425844 0.0 0.0 0.0 
3.4774141948e-05 0.0 0.0 0.0 
3.4774141948e-05 0.0 0.0 0.0 
6.95482838961e-05 0.0 0.0 0.0 
6.95482838961e-05 0.0 0.0 0.0 
3.4774141948e-05 0.0 0.0 0.0 
6.95482838961e-05 0.0 0.0 0.0 
0.000139096567792 0.0 0.0 0.0 
3.4774141948e-05 0.0 0.0 0.0 
6.95482838961e-05 0.0 0.0 0.0 
3.4774141948e-05 0.0 0.0 0.0 
3.4774141948e-05 0.0 0.0 0.0 
0.000139096567792 0.0 0.0 0.0 
3.4774141948e-05 0.0 0.0 0.0 
3.4774141948e-05 0.0 0.0 0.0 
6.95482838961e-05 0.0 0.0 0.0 
3.4774141948e-05 0.0 0.0 0.0 
6.95482838961e-05 0.0 0.0 0.0 
3.4774141948e-05 0.0 0.0 0.0 
6.95482838961e-05 0.0 0.0 0.0 
0.00278193135584 0.00676589986468 0.0 0.0 
0.00591160413117 0.0 0.0082304526749 0.0 
0.00462496087909 0.0 0.0 0.0 
0.000799805264805 0.00135317997294 0.0 0.0 
0.00358173662065 0.0 0.037037037037 0.0 
0.00306012449143 0.0 0.0 0.0 
3.4774141948e-05 0.0 0.0 0.0 
0.00177348123935 0.0 0.00548696844993 0.0 
3.4774141948e-05 0.0 0.0 0.0 
3.4774141948e-05 0.0 0.0 0.0 
3.4774141948e-05 0.0 0.0 0.0 
0.000104322425844 0.0 0.0 0.0 
0.00034774141948 0.0 0.0 0.0 
0.00382515561429 0.0243572395129 0.0 0.0 
0.00170393295545 0.0 0.00137174211248 0.0 
0.000312967277532 0.0 0.0 0.0 
0.00156483638766 0.00405953991881 0.0 0.0 
6.95482838961e-05 0.00270635994587 0.0 0.0 
0.000312967277532 0.0 0.0 0.0 
0.00226031922662 0.0 0.0 0.0 
0.000417289703377 0.0 0.00137174211248 0.0 
0.00132141739403 0.0 0.0 0.0 
0.000591160413117 0.00135317997294 0.0 0.0 
0.000486837987273 0.0 0.0 0.0 
0.000382515561429 0.0 0.0 0.0 
3.4774141948e-05 0.0 0.0 0.0 
3.4774141948e-05 0.0 0.0 0.0 
0.000139096567792 0.0 0.0 0.0 
0.00149528810377 0.0 0.00137174211248 0.0 
0.000208644851688 0.0 0.0 0.0 
0.000104322425844 0.0 0.0 0.0 
3.4774141948e-05 0.0 0.0 0.0 
0.000312967277532 0.0 0.0 0.0 
6.95482838961e-05 0.0 0.0 0.0 
0.00580728170532 0.0 0.0246913580247 0.0 
0.000208644851688 0.0 0.0 0.0 
0.00125186911013 0.00135317997294 0.0 0.0 
0.000382515561429 0.00135317997294 0.0 0.0 
6.95482838961e-05 0.0 0.0 0.0 
0.000139096567792 0.0 0.0 0.0 
3.4774141948e-05 0.00135317997294 0.0 0.0 
3.4774141948e-05 0.0 0.0 0.0 
6.95482838961e-05 0.0 0.0 0.0 
0.000104322425844 0.0 0.0 0.0 
0.000104322425844 0.0 0.0 0.0 
0.000591160413117 0.0 0.00137174211248 0.0 
0.00191257780714 0.0 0.0 0.0 
0.0 0.00270635994587 0.0 0.0 
0.00232986751052 0.0 0.0521262002743 0.0 
0.000521612129221 0.0 0.0 0.0 
3.4774141948e-05 0.0 0.0 0.0 
3.4774141948e-05 0.0 0.0 0.0 
0.000139096567792 0.0 0.0 0.0 
6.95482838961e-05 0.0 0.0 0.0 
3.4774141948e-05 0.0 0.0 0.0 
6.95482838961e-05 0.0 0.0 0.0 
3.4774141948e-05 0.0 0.0 0.0 
3.4774141948e-05 0.0 0.0 0.0 
0.000243418993636 0.0 0.0 0.0 
3.4774141948e-05 0.0 0.0 0.0 
3.4774141948e-05 0.0 0.0 0.0 
6.95482838961e-05 0.0 0.0 0.0 
3.4774141948e-05 0.0 0.0 0.0 
6.95482838961e-05 0.0 0.0 0.0 
3.4774141948e-05 0.0 0.0 0.0 
3.4774141948e-05 0.0 0.0 0.0 
0.000104322425844 0.0 0.0 0.0 
0.00149528810377 0.0 0.0233196159122 0.0 
0.00034774141948 0.0 0.0 0.0 
0.00135619153597 0.00270635994587 0.0 0.0 
0.000139096567792 0.0 0.0 0.0 
3.4774141948e-05 0.0 0.0 0.0 
3.4774141948e-05 0.0 0.0 0.0 
0.000904127690649 0.00541271989175 0.0 0.0 
0.000834579406753 0.0 0.00274348422497 0.0 
0.000834579406753 0.0 0.0 0.0 
3.4774141948e-05 0.0 0.0 0.0 
0.000139096567792 0.0 0.0 0.0 
6.95482838961e-05 0.0 0.0 0.0 
0.000104322425844 0.0 0.0 0.0 
0.000278193135584 0.0 0.0 0.0 
3.4774141948e-05 0.0 0.0 0.0 
0.000243418993636 0.0 0.0 0.0 
3.4774141948e-05 0.0 0.0 0.0 
0.000208644851688 0.0 0.0 0.0 
0.000208644851688 0.00135317997294 0.0 0.0 
0.000278193135584 0.0 0.0 0.0 
0.000382515561429 0.0 0.0 0.0 
6.95482838961e-05 0.0 0.0 0.0 
0.000208644851688 0.0 0.0 0.0 
0.000208644851688 0.0 0.0 0.0 
3.4774141948e-05 0.0 0.0 0.0 
6.95482838961e-05 0.0 0.0 0.0 
3.4774141948e-05 0.0 0.0 0.0 
3.4774141948e-05 0.0 0.0 0.0 
6.95482838961e-05 0.0 0.0 0.0 
0.000486837987273 0.0 0.0 0.0 
6.95482838961e-05 0.0 0.0 0.0 
3.4774141948e-05 0.0 0.0 0.0 
0.000312967277532 0.0 0.0 0.0 
6.95482838961e-05 0.0 0.0 0.0 
6.95482838961e-05 0.0 0.0 0.0 
0.000139096567792 0.0 0.0 0.0 
3.4774141948e-05 0.0 0.0 0.0 
3.4774141948e-05 0.0 0.0 0.0 
3.4774141948e-05 0.0 0.0 0.0 
0.000139096567792 0.0 0.0 0.0 
3.4774141948e-05 0.0 0.0 0.0 
0.00017387070974 0.00135317997294 0.0 0.0 
0.000452063845325 0.0 0.00137174211248 0.0 
0.00017387070974 0.0 0.0 0.0 
0.000904127690649 0.0 0.0205761316872 0.0 
3.4774141948e-05 0.0 0.0 0.0 
3.4774141948e-05 0.0 0.0 0.0 
3.4774141948e-05 0.0 0.0 0.0 
3.4774141948e-05 0.00135317997294 0.0 0.0 
0.00017387070974 0.0 0.0 0.0 
0.000208644851688 0.0 0.0 0.0 
3.4774141948e-05 0.0 0.0 0.0 
0.000730256980909 0.0 0.0 0.0 
0.00271238307195 0.0 0.00548696844993 0.0 
0.00319922105922 0.0 0.0 0.0 
0.000312967277532 0.0 0.0 0.0 
0.000382515561429 0.0 0.0 0.0 
0.000799805264805 0.0 0.0 0.0 
6.95482838961e-05 0.0 0.0 0.0 
0.000104322425844 0.0 0.0 0.0 
3.4774141948e-05 0.0 0.0 0.0 
3.4774141948e-05 0.0 0.0 0.0 
0.000660708697013 0.0 0.0 0.0 
0.00201690023299 0.0 0.00137174211248 0.0 
0.000799805264805 0.0 0.0 0.0 
6.95482838961e-05 0.0 0.0 0.0 
0.000208644851688 0.0 0.00137174211248 0.0 
3.4774141948e-05 0.0 0.0 0.0 
6.95482838961e-05 0.0 0.0 0.0 
0.000765031122857 0.0 0.00137174211248 0.0 
0.000556386271169 0.0 0.0 0.0 
6.95482838961e-05 0.0 0.0 0.0 
0.000243418993636 0.0 0.0 0.0 
6.95482838961e-05 0.0 0.0 0.0 
3.4774141948e-05 0.0 0.0 0.0 
6.95482838961e-05 0.0 0.0 0.0 
3.4774141948e-05 0.0 0.0 0.0 
0.00017387070974 0.0 0.0 0.0 
3.4774141948e-05 0.0 0.0 0.0 
3.4774141948e-05 0.0 0.0 0.0 
3.4774141948e-05 0.0 0.0 0.0 
0.000139096567792 0.0 0.0 0.0 
0.000104322425844 0.0 0.0 0.0 
3.4774141948e-05 0.0 0.0 0.0 
3.4774141948e-05 0.0 0.0 0.0 
6.95482838961e-05 0.0 0.0 0.0 
3.4774141948e-05 0.0 0.0 0.0 
0.0 0.0 0.00137174211248 0.0 
0.000139096567792 0.0 0.0 0.0 
0.000382515561429 0.0 0.0 0.0 
0.000521612129221 0.00135317997294 0.0 0.0 
0.00100845011649 0.0 0.00137174211248 0.0 
0.000521612129221 0.0 0.0 0.0 
3.4774141948e-05 0.0 0.0 0.0 
0.0 0.00135317997294 0.0 0.0 
3.4774141948e-05 0.0 0.0 0.0 
3.4774141948e-05 0.0 0.0 0.0 
3.4774141948e-05 0.0 0.0 0.0 
0.000417289703377 0.0 0.0 0.0 
0.000139096567792 0.0 0.0 0.0 
0.000208644851688 0.0 0.0 0.0 
0.000382515561429 0.0 0.0 0.0 
3.4774141948e-05 0.0 0.0 0.0 
3.4774141948e-05 0.0 0.0 0.0 
0.000382515561429 0.0 0.0 0.0 
3.4774141948e-05 0.0 0.0 0.0 
3.4774141948e-05 0.0 0.0 0.0 
0.00017387070974 0.0 0.0 0.0 
0.000104322425844 0.0 0.0 0.0 
0.00017387070974 0.0 0.0 0.0 
0.000208644851688 0.00270635994587 0.0 0.0 
0.000104322425844 0.0 0.0 0.0 
0.000417289703377 0.0 0.0 0.0 
0.000104322425844 0.0 0.0 0.0 
3.4774141948e-05 0.0 0.0 0.0 
0.000104322425844 0.0 0.0 0.0 
0.000104322425844 0.0 0.0 0.0 
3.4774141948e-05 0.0 0.0 0.0 
3.4774141948e-05 0.0 0.0 0.0 
6.95482838961e-05 0.0 0.0 0.0 
3.4774141948e-05 0.0 0.0 0.0 
0.00017387070974 0.0 0.0 0.0 
0.000104322425844 0.0 0.0 0.0 
3.4774141948e-05 0.0 0.0 0.0 
0.000104322425844 0.0 0.0 0.0 
3.4774141948e-05 0.0 0.0 0.0 
6.95482838961e-05 0.0 0.0 0.0 
0.000139096567792 0.00135317997294 0.0 0.0 
3.4774141948e-05 0.0 0.0 0.0 
6.95482838961e-05 0.0 0.0 0.0 
3.4774141948e-05 0.0 0.0 0.0 
3.4774141948e-05 0.0 0.0 0.0 
3.4774141948e-05 0.0 0.0 0.0 
0.000139096567792 0.0 0.0 0.0 
0.000104322425844 0.0 0.0 0.0 
6.95482838961e-05 0.0 0.0 0.0 
0.000556386271169 0.00541271989175 0.0 0.0 
0.000278193135584 0.0 0.0 0.0 
0.000139096567792 0.0 0.0 0.0 
0.000208644851688 0.00135317997294 0.0 0.0 
0.000104322425844 0.0 0.0 0.0 
0.000104322425844 0.0 0.0 0.0 
3.4774141948e-05 0.0 0.0 0.0 
3.4774141948e-05 0.0 0.0 0.0 
3.4774141948e-05 0.0 0.0 0.0 
3.4774141948e-05 0.0 0.0 0.0 
3.4774141948e-05 0.0 0.0 0.0 
0.00392947804013 0.00676589986468 0.0 0.0 
0.000139096567792 0.0 0.0 0.0 
0.000660708697013 0.0 0.0 0.0 
0.00017387070974 0.0 0.0 0.0 
0.00017387070974 0.0 0.0 0.0 
3.4774141948e-05 0.0 0.0 0.0 
0.000799805264805 0.00135317997294 0.0 0.0 
0.00017387070974 0.0 0.0 0.0 
0.00705915081545 0.00811907983762 0.0 0.0 
0.00142573981987 0.0 0.00411522633745 0.0 
0.00803282679 0.0 0.0 0.0 
0.00215599680078 0.00270635994587 0.0 0.0 
0.00431199360156 0.0 0.00137174211248 0.0 
0.0103279201586 0.0 0.0 0.0 
0.000139096567792 0.0 0.0 0.0 
0.000104322425844 0.00135317997294 0.0 0.0 
0.000452063845325 0.0 0.0 0.0 
3.4774141948e-05 0.0 0.0 0.0 
3.4774141948e-05 0.0 0.0 0.0 
3.4774141948e-05 0.0 0.0 0.0 
3.4774141948e-05 0.0 0.0 0.0 
0.00017387070974 0.0 0.0 0.0 
0.000104322425844 0.0 0.0 0.0 
0.0 0.0 0.00137174211248 0.0 
0.000625934555065 0.00270635994587 0.0 0.0 
0.00153006224571 0.0 0.00274348422497 0.0 
0.00159961052961 0.0 0.0 0.0 
3.4774141948e-05 0.0 0.00137174211248 0.0 
0.000278193135584 0.0 0.0 0.0 
0.000382515561429 0.00541271989175 0.0 0.0 
3.4774141948e-05 0.0 0.0 0.0 
3.4774141948e-05 0.0 0.0 0.0 
0.0 0.00135317997294 0.0 0.0 
3.4774141948e-05 0.0 0.0 0.0 
0.00462496087909 0.0175913396482 0.0 0.0 
6.95482838961e-05 0.0 0.0 0.0 
0.00125186911013 0.0 0.0 0.0 
0.000312967277532 0.0 0.0 0.0 
0.00246896407831 0.0 0.0 0.0 
0.00104322425844 0.0 0.0 0.0 
6.95482838961e-05 0.0 0.0 0.0 
3.4774141948e-05 0.0 0.0 0.0 
3.4774141948e-05 0.0 0.0 0.0 
3.4774141948e-05 0.0 0.0 0.0 
3.4774141948e-05 0.0 0.0 0.0 
3.4774141948e-05 0.0 0.0 0.0 
3.4774141948e-05 0.0 0.0 0.0 
3.4774141948e-05 0.0 0.0 0.0 
0.000104322425844 0.0 0.0 0.0 
3.4774141948e-05 0.0 0.0 0.0 
3.4774141948e-05 0.0 0.0 0.0 
6.95482838961e-05 0.0 0.0 0.0 
3.4774141948e-05 0.0 0.0 0.0 
6.95482838961e-05 0.0 0.0 0.0 
6.95482838961e-05 0.0 0.0 0.0 
0.000104322425844 0.0 0.0 0.0 
0.000208644851688 0.00135317997294 0.0 0.0 
0.000695482838961 0.0 0.0 0.0 
0.000139096567792 0.0 0.0 0.0 
0.0 0.0 0.00137174211248 0.0 
3.4774141948e-05 0.0 0.0 0.0 
0.000243418993636 0.00135317997294 0.0 0.0 
6.95482838961e-05 0.0 0.0 0.0 
0.000904127690649 0.0 0.0 0.0 
3.4774141948e-05 0.0 0.0 0.0 
0.000104322425844 0.0 0.0 0.0 
3.4774141948e-05 0.0 0.0 0.0 
6.95482838961e-05 0.0 0.0 0.0 
0.000869353548701 0.00135317997294 0.0 0.0 
0.000208644851688 0.0 0.0 0.0 
6.95482838961e-05 0.0 0.0 0.0 
0.00017387070974 0.00541271989175 0.0 0.0 
0.00034774141948 0.0 0.00137174211248 0.0 
0.00017387070974 0.0 0.0 0.0 
6.95482838961e-05 0.0 0.0 0.0 
0.000417289703377 0.0 0.00137174211248 0.0 
0.000660708697013 0.0 0.00411522633745 0.0 
0.000104322425844 0.00135317997294 0.0 0.0 
0.00497270229857 0.0 0.0150891632373 0.0 
0.00406857460792 0.0 0.0 0.0 
0.000243418993636 0.00135317997294 0.0 0.0 
0.00239941579442 0.0 0.00685871056241 0.0 
0.00257328650416 0.0 0.0 0.0 
3.4774141948e-05 0.0 0.0 0.0 
0.0 0.0 0.00137174211248 0.0 
0.000243418993636 0.0 0.00137174211248 0.0 
3.4774141948e-05 0.0 0.0 0.0 
0.000104322425844 0.0 0.0 0.0 
0.000208644851688 0.0 0.0 0.0 
0.000452063845325 0.0 0.0 0.0 
0.000938901832597 0.0 0.0 0.0 
6.95482838961e-05 0.0 0.0 0.0 
3.4774141948e-05 0.0 0.0 0.0 
0.000139096567792 0.0 0.0 0.0 
0.000521612129221 0.00135317997294 0.0 0.0 
0.00111277254234 0.0 0.00685871056241 0.0 
0.00125186911013 0.0 0.0 0.0 
3.4774141948e-05 0.0 0.0 0.0 
0.000556386271169 0.00405953991881 0.0 0.0 
0.000382515561429 0.0 0.0 0.0 
3.4774141948e-05 0.0 0.0 0.0 
6.95482838961e-05 0.0 0.0 0.0 
0.000730256980909 0.0 0.00137174211248 0.0 
3.4774141948e-05 0.0 0.0 0.0 
0.000208644851688 0.0 0.0 0.0 
