1.82902293595e-05 0.000368731563422 0.0 0.0 
1.82902293595e-05 0.0 0.0 0.0 
1.82902293595e-05 0.0 0.0 0.0 
0.0123276145883 0.0577064896755 0.0 0.0392156862745 
0.000164612064235 0.0 0.0 0.0 
0.00122544536708 0.0 0.0 0.0 
0.00588945385375 0.0534660766962 0.0 0.0 
5.48706880784e-05 0.0 0.000184365781711 0.0 
0.000768189633098 0.0 0.0 0.0 
0.000182902293595 0.00479351032448 0.0 0.0980392156863 
3.6580458719e-05 0.0 0.000368731563422 0.0 
0.000274353440392 0.00239675516224 0.0 0.0 
0.000640158027582 0.00221238938053 0.000553097345133 0.0 
0.000402385045908 0.00424041297935 0.0 0.0 
0.000256063211033 0.0 0.000184365781711 0.0 
3.6580458719e-05 0.0 0.0 0.0 
0.000256063211033 0.000737463126844 0.000184365781711 0.0 
0.00182902293595 0.00774336283186 0.0 0.0 
9.14511467974e-05 0.0 0.0 0.0 
1.82902293595e-05 0.0 0.0 0.0 
0.000128031605516 0.0 0.0 0.0 
0.0 0.0 0.0 0.0196078431373 
0.0 0.000184365781711 0.0 0.0 
0.00106083330285 0.00368731563422 0.0 0.0 
0.000237772981673 0.0 0.0 0.0 
0.00069502871566 0.0 0.0 0.0 
0.000768189633098 0.00442477876106 0.0 0.0 
0.00113399422029 0.0 0.0 0.0 
0.000182902293595 0.0 0.00110619469027 0.0 
1.82902293595e-05 0.0 0.0 0.0 
1.82902293595e-05 0.0 0.0 0.0 
1.82902293595e-05 0.0 0.0 0.0 
1.82902293595e-05 0.000184365781711 0.0 0.0 
5.48706880784e-05 0.000184365781711 0.0 0.0 
3.6580458719e-05 0.0 0.000184365781711 0.0 
0.0 0.000184365781711 0.0 0.0 
0.000164612064235 0.00147492625369 0.0 0.0 
1.82902293595e-05 0.0 0.000368731563422 0.0 
0.000823060321176 0.0 0.0 0.0 
1.82902293595e-05 0.0 0.0 0.0 
0.000109741376157 0.0 0.0 0.0 
0.0 0.0 0.000184365781711 0.0 
3.6580458719e-05 0.0 0.0 0.0 
3.6580458719e-05 0.0 0.0 0.0 
5.48706880784e-05 0.0 0.0 0.0 
7.31609174379e-05 0.0 0.0 0.0 
0.000804770091817 0.0 0.0 0.0 
5.48706880784e-05 0.0 0.0 0.0 
0.000109741376157 0.0 0.0 0.0 
1.82902293595e-05 0.0 0.0 0.0 
1.82902293595e-05 0.0 0.000184365781711 0.0 
5.48706880784e-05 0.0 0.0 0.0 
1.82902293595e-05 0.0 0.0 0.0 
1.82902293595e-05 0.0 0.0 0.0 
1.82902293595e-05 0.0 0.0 0.0 
7.31609174379e-05 0.000368731563422 0.0 0.0 
0.0 0.000553097345133 0.0 0.0 
7.31609174379e-05 0.0 0.0 0.0 
5.48706880784e-05 0.000368731563422 0.0 0.0 
0.00071331894502 0.0016592920354 0.0 0.0 
0.000219482752314 0.0 0.000553097345133 0.0 
0.000932801697333 0.0 0.0 0.0 
0.000896221238614 0.0033185840708 0.0 0.0 
5.48706880784e-05 0.0 0.0 0.0 
0.000512126422065 0.0 0.0 0.0 
0.0 0.000184365781711 0.0 0.0 
0.000274353440392 0.0 0.0 0.0 
3.6580458719e-05 0.0 0.0 0.0 
0.0 0.000184365781711 0.0 0.0 
0.0 0.000184365781711 0.0 0.0 
1.82902293595e-05 0.0 0.0 0.0 
3.6580458719e-05 0.0 0.0 0.0 
0.000128031605516 0.0 0.000184365781711 0.0 
5.48706880784e-05 0.0 0.0 0.0 
3.6580458719e-05 0.0 0.0 0.0 
1.82902293595e-05 0.0 0.0 0.0 
1.82902293595e-05 0.000184365781711 0.0 0.0 
3.6580458719e-05 0.0 0.0 0.0 
3.6580458719e-05 0.000184365781711 0.0 0.0 
1.82902293595e-05 0.0 0.0 0.0 
0.00140834766068 0.0 0.0 0.0 
7.31609174379e-05 0.000553097345133 0.0 0.0 
1.82902293595e-05 0.0 0.0 0.0 
0.0 0.000184365781711 0.0 0.0 
0.000548706880784 0.0 0.0 0.0 
0.000182902293595 0.000737463126844 0.0 0.0 
1.82902293595e-05 0.0 0.0 0.0 
1.82902293595e-05 0.0 0.0 0.0 
1.82902293595e-05 0.0 0.0 0.0 
0.0 0.000553097345133 0.0 0.0 
1.82902293595e-05 0.0 0.000184365781711 0.0 
0.00265208325712 0.0 0.0 0.0 
0.00034751435783 0.00221238938053 0.0 0.0 
7.31609174379e-05 0.0 0.0 0.0 
3.6580458719e-05 0.0 0.0 0.0 
0.000182902293595 0.0 0.0 0.0 
1.82902293595e-05 0.0 0.0 0.0 
7.31609174379e-05 0.0 0.0 0.0 
0.000786479862457 0.0 0.0 0.0 
0.000182902293595 0.000921828908555 0.0 0.0 
1.82902293595e-05 0.0 0.0 0.0 
0.000420675275268 0.0 0.0 0.0 
0.000237772981673 0.000368731563422 0.000184365781711 0.0 
7.31609174379e-05 0.000921828908555 0.0 0.0 
3.6580458719e-05 0.0 0.0 0.0 
0.000146321834876 0.0 0.0 0.0 
5.48706880784e-05 0.000184365781711 0.0 0.0 
3.6580458719e-05 0.0 0.0 0.0 
1.82902293595e-05 0.0 0.0 0.0 
1.82902293595e-05 0.0 0.0 0.0 
7.31609174379e-05 0.0 0.000184365781711 0.0 
0.0 0.000184365781711 0.0 0.0 
1.82902293595e-05 0.000184365781711 0.0 0.0 
1.82902293595e-05 0.0 0.0 0.0 
0.000219482752314 0.000737463126844 0.0 0.0 
0.000109741376157 0.0 0.0 0.0 
1.82902293595e-05 0.0 0.0 0.0 
7.31609174379e-05 0.0 0.0 0.0 
9.14511467974e-05 0.0 0.0 0.0 
1.82902293595e-05 0.000184365781711 0.0 0.0 
3.6580458719e-05 0.0 0.0 0.0 
5.48706880784e-05 0.0 0.0 0.0 
1.82902293595e-05 0.0 0.0 0.0 
1.82902293595e-05 0.0 0.0 0.0 
3.6580458719e-05 0.000368731563422 0.0 0.0 
0.000146321834876 0.0 0.0 0.0 
1.82902293595e-05 0.0 0.0 0.0 
0.000164612064235 0.00442477876106 0.0 0.0 
0.000128031605516 0.0 0.000368731563422 0.0 
0.000329224128471 0.0 0.0 0.0 
3.6580458719e-05 0.0 0.000368731563422 0.0 
1.82902293595e-05 0.0 0.0 0.0 
1.82902293595e-05 0.000368731563422 0.0 0.0 
3.6580458719e-05 0.0 0.0 0.0 
0.0 0.000184365781711 0.0 0.0 
5.48706880784e-05 0.0 0.0 0.0 
0.0 0.000184365781711 0.0 0.0 
0.000292643669752 0.00184365781711 0.0 0.0 
3.6580458719e-05 0.0 0.0 0.0 
3.6580458719e-05 0.0 0.0 0.0 
1.82902293595e-05 0.0 0.0 0.0 
3.6580458719e-05 0.0 0.0 0.0 
1.82902293595e-05 0.0 0.0 0.0 
0.0012620258258 0.00700589970501 0.0 0.0 
1.82902293595e-05 0.0 0.000368731563422 0.0 
0.00223140798186 0.0 0.0 0.0 
5.48706880784e-05 0.000921828908555 0.0 0.0 
0.00656619234005 0.0 0.0 0.0 
0.0 0.0 0.000184365781711 0.0 
1.82902293595e-05 0.000553097345133 0.0 0.0 
0.0 0.000184365781711 0.0 0.0 
0.000164612064235 0.000921828908555 0.0 0.0 
0.000128031605516 0.0 0.0 0.0 
9.14511467974e-05 0.000184365781711 0.0 0.0 
0.000274353440392 0.0 0.0 0.0 
0.000768189633098 0.000184365781711 0.0 0.0 
1.82902293595e-05 0.0 0.0 0.0 
1.82902293595e-05 0.0 0.0 0.0 
1.82902293595e-05 0.0 0.0 0.0 
0.000219482752314 0.0 0.0 0.0 
9.14511467974e-05 0.0 0.0 0.0 
3.6580458719e-05 0.0 0.0 0.0 
5.48706880784e-05 0.0 0.0 0.0 
3.6580458719e-05 0.0 0.000737463126844 0.0 
0.000749899403739 0.0 0.0 0.0 
1.82902293595e-05 0.0 0.0 0.0 
0.000292643669752 0.0 0.0 0.0 
0.0 0.0 0.000737463126844 0.0 
3.6580458719e-05 0.0 0.0 0.0 
0.00195705454146 0.00626843657817 0.0 0.0 
1.82902293595e-05 0.0 0.0 0.0 
5.48706880784e-05 0.0 0.0 0.0 
0.0112484910561 0.00479351032448 0.0 0.0 
0.000219482752314 0.0 0.00129056047198 0.0 
0.00139005743132 0.0 0.0 0.0 
0.000475545963346 0.0 0.0 0.0 
1.82902293595e-05 0.000184365781711 0.000184365781711 0.0196078431373 
0.00170099133043 0.00110619469027 0.0 0.0 
3.6580458719e-05 0.0 0.0 0.0 
7.31609174379e-05 0.0 0.0 0.0 
5.48706880784e-05 0.0 0.0 0.0 
0.0 0.000184365781711 0.0 0.0 
0.0 0.000368731563422 0.0 0.0 
1.82902293595e-05 0.0 0.0 0.0 
0.000201192522954 0.000368731563422 0.0 0.0 
1.82902293595e-05 0.0 0.0 0.0 
7.31609174379e-05 0.0 0.0 0.0 
1.82902293595e-05 0.0 0.0 0.0 
0.000310933899111 0.00589970501475 0.0 0.0 
0.00263379302776 0.0 0.021017699115 0.0 
0.00213995683506 0.0 0.0 0.0 
1.82902293595e-05 0.0 0.0 0.0 
1.82902293595e-05 0.0 0.000368731563422 0.0 
3.6580458719e-05 0.0 0.0 0.0 
0.0 0.000184365781711 0.0 0.0 
0.000640158027582 0.0 0.0 0.0 
1.82902293595e-05 0.0 0.0 0.0 
1.82902293595e-05 0.0 0.0 0.0 
0.000146321834876 0.0 0.0 0.0 
0.000128031605516 0.000184365781711 0.0 0.0 
5.48706880784e-05 0.0 0.0 0.0 
0.000128031605516 0.000184365781711 0.0 0.0 
0.000640158027582 0.0 0.0 0.0 
0.000475545963346 0.000184365781711 0.0 0.0 
7.31609174379e-05 0.0 0.0 0.0 
1.82902293595e-05 0.0 0.0 0.0 
0.000658448256941 0.00368731563422 0.0 0.0 
0.00071331894502 0.0 0.00313421828909 0.0 
0.0108461060102 0.0 0.0 0.0 
0.000548706880784 0.00405604719764 0.0 0.0 
9.14511467974e-05 0.0 0.000184365781711 0.0 
0.00199363500018 0.0 0.0 0.0 
0.0 0.000368731563422 0.0 0.0 
1.82902293595e-05 0.0 0.0 0.0 
1.82902293595e-05 0.0 0.000368731563422 0.0 
0.0 0.000184365781711 0.0 0.0 
5.48706880784e-05 0.0 0.0 0.0 
5.48706880784e-05 0.0 0.0 0.0 
1.82902293595e-05 0.0 0.0 0.0 
1.82902293595e-05 0.000184365781711 0.0 0.0 
0.000201192522954 0.0 0.000368731563422 0.0 
0.00034751435783 0.0 0.0 0.0 
0.000164612064235 0.0 0.000553097345133 0.0 
1.82902293595e-05 0.0 0.0 0.0 
0.0 0.0 0.000184365781711 0.0 
1.82902293595e-05 0.0 0.0 0.0 
0.00036580458719 0.0 0.00129056047198 0.0 
0.00071331894502 0.0 0.0 0.0 
5.48706880784e-05 0.0 0.0 0.0 
1.82902293595e-05 0.0 0.0 0.0 
1.82902293595e-05 0.0 0.0 0.0 
1.82902293595e-05 0.0 0.0 0.0 
0.000164612064235 0.0 0.0 0.0 
1.82902293595e-05 0.0 0.0 0.0 
5.48706880784e-05 0.0 0.0 0.0 
5.48706880784e-05 0.0 0.0 0.0 
3.6580458719e-05 0.0 0.0 0.0 
9.14511467974e-05 0.0 0.0 0.0 
7.31609174379e-05 0.0 0.0 0.0 
1.82902293595e-05 0.0 0.0 0.0 
0.000109741376157 0.0 0.0 0.0 
0.000128031605516 0.0 0.0 0.0 
1.82902293595e-05 0.0 0.0 0.0 
5.48706880784e-05 0.0 0.000553097345133 0.0 
0.0 0.0 0.000184365781711 0.0 
9.14511467974e-05 0.0 0.0 0.0 
0.000128031605516 0.0 0.0 0.0 
0.0 0.0 0.000184365781711 0.0 
5.48706880784e-05 0.0 0.0 0.0 
0.00034751435783 0.00202802359882 0.0 0.0 
0.000457255733987 0.0 0.0016592920354 0.0 
0.0013534769726 0.0 0.0 0.0 
5.48706880784e-05 0.0 0.000184365781711 0.0 
1.82902293595e-05 0.0 0.0 0.0 
1.82902293595e-05 0.0 0.0 0.0 
0.000512126422065 0.00147492625369 0.0 0.0 
0.000640158027582 0.0 0.00110619469027 0.0 
0.00151808903684 0.0 0.0 0.0 
1.82902293595e-05 0.000184365781711 0.0 0.0 
0.00155466949556 0.0 0.0 0.0 
0.0 0.0 0.000184365781711 0.0 
1.82902293595e-05 0.0 0.0 0.0 
1.82902293595e-05 0.0 0.0 0.0 
1.82902293595e-05 0.0 0.0 0.0 
0.00034751435783 0.0 0.0 0.0 
1.82902293595e-05 0.0 0.0 0.0 
0.0 0.000184365781711 0.0 0.0 
1.82902293595e-05 0.0 0.0 0.0 
1.82902293595e-05 0.0 0.0 0.0 
1.82902293595e-05 0.0 0.0 0.0 
1.82902293595e-05 0.0 0.0 0.0 
0.000274353440392 0.0 0.000368731563422 0.0 
0.00546877857848 0.0 0.0 0.0 
1.82902293595e-05 0.000368731563422 0.0 0.0 
0.0 0.0 0.000368731563422 0.0 
0.000128031605516 0.0 0.0 0.0 
0.0 0.000184365781711 0.0 0.0 
1.82902293595e-05 0.0 0.0 0.0 
0.000566997110144 0.0 0.0 0.0 
0.000182902293595 0.0 0.0 0.0 
1.82902293595e-05 0.0 0.0 0.0 
7.31609174379e-05 0.0 0.0 0.0 
1.82902293595e-05 0.0 0.0 0.0 
1.82902293595e-05 0.0 0.0 0.0 
0.0 0.000184365781711 0.0 0.0 
5.48706880784e-05 0.000184365781711 0.0 0.0 
1.82902293595e-05 0.0 0.0 0.0 
0.000932801697333 0.0 0.0 0.0 
1.82902293595e-05 0.0 0.0 0.0 
1.82902293595e-05 0.0 0.0 0.0 
0.000237772981673 0.0 0.0 0.0 
1.82902293595e-05 0.0 0.0 0.0 
0.0 0.0 0.000184365781711 0.0 
1.82902293595e-05 0.0 0.0 0.0 
3.6580458719e-05 0.0 0.0 0.0 
0.000201192522954 0.0 0.000368731563422 0.0 
0.00140834766068 0.0 0.0 0.0 
0.000658448256941 0.0 0.0 0.0 
1.82902293595e-05 0.0 0.0 0.0 
0.000146321834876 0.0 0.0 0.0 
1.82902293595e-05 0.0 0.0 0.0 
1.82902293595e-05 0.0 0.0 0.0 
0.000292643669752 0.000368731563422 0.0 0.0 
0.00371291655997 0.0 0.0495943952802 0.0 
0.0049200716977 0.0 0.0 0.0 
0.000109741376157 0.00276548672566 0.0 0.0 
0.000402385045908 0.0 0.000184365781711 0.0 
0.000420675275268 0.0 0.0 0.0 
0.0 0.00276548672566 0.0 0.0 
1.82902293595e-05 0.0 0.0 0.0 
1.82902293595e-05 0.0 0.0 0.0 
0.00109741376157 0.0 0.0 0.0 
1.82902293595e-05 0.0 0.0 0.0 
1.82902293595e-05 0.0 0.0 0.0 
5.48706880784e-05 0.0 0.0 0.0 
1.82902293595e-05 0.0 0.0 0.0 
3.6580458719e-05 0.0 0.0 0.0 
0.000164612064235 0.0 0.0 0.0 
5.48706880784e-05 0.000184365781711 0.0 0.0 
0.000128031605516 0.0 0.000553097345133 0.0 
0.000603577568863 0.0 0.0 0.0 
0.000128031605516 0.000184365781711 0.0 0.0 
0.00036580458719 0.0 0.000184365781711 0.0 
0.000566997110144 0.0 0.0 0.0 
1.82902293595e-05 0.0 0.0 0.0 
0.000420675275268 0.0 0.0 0.0 
1.82902293595e-05 0.0 0.0 0.0 
7.31609174379e-05 0.0 0.000184365781711 0.0 
0.000182902293595 0.0 0.0 0.0 
1.82902293595e-05 0.0 0.000184365781711 0.0 
5.48706880784e-05 0.0 0.0 0.0 
1.82902293595e-05 0.0 0.0 0.0 
1.82902293595e-05 0.0 0.0 0.0 
0.000384094816549 0.000184365781711 0.0 0.0 
9.14511467974e-05 0.0 0.0 0.0 
0.0 0.0 0.000553097345133 0.0 
0.000146321834876 0.000368731563422 0.0 0.0 
0.00228627866993 0.0 0.00719026548673 0.0 
0.00435307458756 0.0 0.0 0.0 
1.82902293595e-05 0.000184365781711 0.0 0.0 
7.31609174379e-05 0.000184365781711 0.0 0.0 
1.82902293595e-05 0.0 0.0 0.0 
7.31609174379e-05 0.0 0.0 0.0 
1.82902293595e-05 0.0 0.0 0.0 
0.000530416651425 0.0 0.0 0.0 
3.6580458719e-05 0.0 0.0 0.0 
1.82902293595e-05 0.0 0.0 0.0 
1.82902293595e-05 0.0 0.0 0.0 
1.82902293595e-05 0.000553097345133 0.0 0.0 
5.48706880784e-05 0.0 0.0 0.0 
3.6580458719e-05 0.0 0.0 0.0 
1.82902293595e-05 0.0 0.0 0.0 
9.14511467974e-05 0.000737463126844 0.0 0.0 
0.000731609174379 0.0 0.00129056047198 0.0 
0.00464571825731 0.0 0.0 0.0 
0.000201192522954 0.00239675516224 0.0 0.0 
0.00100596261477 0.0 0.00903392330383 0.0 
0.00224969821122 0.0 0.000184365781711 0.0 
0.000109741376157 0.0 0.0 0.0 
1.82902293595e-05 0.0 0.0 0.0 
3.6580458719e-05 0.0 0.0 0.0 
0.0 0.000184365781711 0.0 0.0 
1.82902293595e-05 0.0 0.0 0.0 
0.000658448256941 0.0 0.00129056047198 0.0 
0.00137176720196 0.0 0.0 0.0 
7.31609174379e-05 0.0 0.0 0.0 
1.82902293595e-05 0.0 0.0 0.0 
1.82902293595e-05 0.0 0.0 0.0 
1.82902293595e-05 0.0 0.0 0.0 
1.82902293595e-05 0.0 0.0 0.0 
7.31609174379e-05 0.0 0.0 0.0 
1.82902293595e-05 0.0 0.0 0.0 
0.000164612064235 0.0 0.0 0.0 
5.48706880784e-05 0.0 0.0 0.0 
0.000969382156052 0.0 0.00719026548673 0.0 
0.000219482752314 0.0 0.0 0.0 
0.000109741376157 0.0 0.000184365781711 0.0 
9.14511467974e-05 0.0 0.0 0.0 
0.000274353440392 0.0 0.000184365781711 0.0 
0.000256063211033 0.0 0.0 0.0 
1.82902293595e-05 0.0 0.0 0.0 
5.48706880784e-05 0.000184365781711 0.0 0.0 
9.14511467974e-05 0.0 0.0 0.0 
1.82902293595e-05 0.0 0.0 0.0 
1.82902293595e-05 0.0 0.0 0.0 
0.00071331894502 0.0 0.0130899705015 0.0 
0.00036580458719 0.0 0.0 0.0 
1.82902293595e-05 0.0 0.0 0.0 
1.82902293595e-05 0.0 0.0 0.0 
1.82902293595e-05 0.0 0.0 0.0 
1.82902293595e-05 0.0 0.0 0.0 
0.000128031605516 0.0 0.000368731563422 0.0 
7.31609174379e-05 0.0 0.0 0.0 
3.6580458719e-05 0.0 0.000184365781711 0.0 
1.82902293595e-05 0.000184365781711 0.0 0.0 
3.6580458719e-05 0.0 0.0 0.0 
1.82902293595e-05 0.000368731563422 0.0 0.0 
1.82902293595e-05 0.0 0.0 0.0 
1.82902293595e-05 0.0 0.0 0.0 
1.82902293595e-05 0.0 0.0 0.0 
1.82902293595e-05 0.0 0.0 0.0 
0.00069502871566 0.00276548672566 0.0 0.0 
0.000804770091817 0.0 0.00239675516224 0.0 
0.00195705454146 0.0 0.0 0.0 
0.000530416651425 0.00129056047198 0.0 0.0 
1.82902293595e-05 0.0 0.0 0.0 
0.000182902293595 0.000737463126844 0.0 0.0 
0.000182902293595 0.0 0.000184365781711 0.0 
0.000219482752314 0.0 0.0 0.0 
3.6580458719e-05 0.000368731563422 0.0 0.0 
0.000475545963346 0.0 0.0 0.0 
5.48706880784e-05 0.0 0.0 0.0 
3.6580458719e-05 0.0 0.000184365781711 0.0 
1.82902293595e-05 0.0 0.0 0.0 
9.14511467974e-05 0.0 0.0 0.0 
9.14511467974e-05 0.0 0.0 0.0 
1.82902293595e-05 0.0 0.000368731563422 0.0 
1.82902293595e-05 0.0 0.0 0.0 
1.82902293595e-05 0.0 0.0 0.0 
0.000128031605516 0.0 0.0 0.0 
5.48706880784e-05 0.0 0.0 0.0 
3.6580458719e-05 0.0 0.0 0.0 
1.82902293595e-05 0.0 0.0 0.0 
5.48706880784e-05 0.0 0.0 0.0 
1.82902293595e-05 0.0 0.0 0.0 
1.82902293595e-05 0.0 0.0 0.0 
3.6580458719e-05 0.0 0.0 0.0 
1.82902293595e-05 0.000184365781711 0.0 0.0 
0.000164612064235 0.0 0.000184365781711 0.0 
9.14511467974e-05 0.0 0.0 0.0 
1.82902293595e-05 0.0 0.0 0.0 
1.82902293595e-05 0.0 0.0 0.0 
1.82902293595e-05 0.0 0.0 0.0 
9.14511467974e-05 0.0 0.0 0.0 
1.82902293595e-05 0.0 0.0 0.0 
1.82902293595e-05 0.0 0.0 0.0 
1.82902293595e-05 0.000184365781711 0.0 0.0 
0.000109741376157 0.000184365781711 0.0 0.0 
1.82902293595e-05 0.0 0.0 0.0 
7.31609174379e-05 0.0 0.0 0.0 
1.82902293595e-05 0.0 0.0 0.0 
7.31609174379e-05 0.0 0.0 0.0 
1.82902293595e-05 0.0 0.0 0.0 
0.0042433332114 0.0 0.0147492625369 0.0 
0.0034751435783 0.0 0.0 0.0 
3.6580458719e-05 0.0 0.0 0.0 
3.6580458719e-05 0.0 0.0 0.0 
0.000109741376157 0.0 0.0 0.0 
1.82902293595e-05 0.0 0.0 0.0 
1.82902293595e-05 0.000184365781711 0.0 0.0 
1.82902293595e-05 0.0 0.0 0.0 
3.6580458719e-05 0.0 0.0 0.0 
1.82902293595e-05 0.0 0.0 0.0 
1.82902293595e-05 0.0 0.0 0.0 
0.000310933899111 0.0 0.0 0.0 
9.14511467974e-05 0.0 0.0 0.0 
0.000201192522954 0.0 0.0 0.0 
0.000951091926693 0.0 0.0 0.0 
1.82902293595e-05 0.0 0.0 0.0 
0.000182902293595 0.0 0.0 0.0 
0.00036580458719 0.0 0.0 0.0 
5.48706880784e-05 0.0 0.0 0.0 
0.0034751435783 0.0132743362832 0.0 0.0 
9.14511467974e-05 0.0 0.0 0.0 
0.000219482752314 0.00110619469027 0.0 0.0 
0.00281669532136 0.00497787610619 0.0 0.0 
1.82902293595e-05 0.0 0.0 0.0 
1.82902293595e-05 0.0 0.0 0.0 
9.14511467974e-05 0.000737463126844 0.000368731563422 0.0 
0.0 0.000184365781711 0.0 0.0 
3.6580458719e-05 0.0 0.0 0.0 
1.82902293595e-05 0.0 0.0 0.0 
3.6580458719e-05 0.0 0.0 0.0 
1.82902293595e-05 0.0 0.0 0.0 
3.6580458719e-05 0.0 0.000184365781711 0.0 
0.000182902293595 0.00221238938053 0.0 0.0 
0.000182902293595 0.00110619469027 0.0 0.0 
3.6580458719e-05 0.0 0.0 0.0 
1.82902293595e-05 0.0 0.000184365781711 0.0 
0.000548706880784 0.00258112094395 0.0 0.0 
7.31609174379e-05 0.0 0.000553097345133 0.0 
9.14511467974e-05 0.0 0.0 0.0 
0.000329224128471 0.000553097345133 0.000184365781711 0.0196078431373 
0.000256063211033 0.0 0.000184365781711 0.0 
0.000475545963346 0.00129056047198 0.0 0.0 
0.000969382156052 0.0149336283186 0.0 0.0 
0.000402385045908 0.0 0.000184365781711 0.0 
0.00342027289022 0.0 0.0 0.0 
0.000384094816549 0.000184365781711 0.0 0.0 
0.00539561766105 0.0 0.0313421828909 0.0 
0.00188389362403 0.0 0.0 0.0 
0.000128031605516 0.0 0.000368731563422 0.0 
0.0 0.000368731563422 0.0 0.0 
3.6580458719e-05 0.000368731563422 0.0 0.0 
3.6580458719e-05 0.0 0.0 0.0 
1.82902293595e-05 0.0 0.0 0.0 
9.14511467974e-05 0.0 0.000368731563422 0.0 
1.82902293595e-05 0.0 0.0 0.0 
0.00139005743132 0.000553097345133 0.0 0.0 
0.000329224128471 0.0 0.00184365781711 0.0 
0.000658448256941 0.0 0.0 0.0 
1.82902293595e-05 0.0 0.0 0.0 
0.000384094816549 0.0 0.000737463126844 0.0 
1.82902293595e-05 0.000737463126844 0.0 0.0 
3.6580458719e-05 0.0 0.000368731563422 0.0 
1.82902293595e-05 0.0 0.000184365781711 0.0 
1.82902293595e-05 0.0 0.0 0.0 
1.82902293595e-05 0.0 0.0 0.0 
0.000109741376157 0.000184365781711 0.0 0.0 
1.82902293595e-05 0.0 0.0 0.0 
0.000219482752314 0.0 0.000553097345133 0.0 
0.000146321834876 0.0 0.0 0.0 
3.6580458719e-05 0.0 0.0 0.0 
1.82902293595e-05 0.0 0.0 0.0 
0.000164612064235 0.0 0.0 0.0 
5.48706880784e-05 0.0 0.0 0.0 
3.6580458719e-05 0.0 0.0 0.0 
1.82902293595e-05 0.0 0.0 0.0 
5.48706880784e-05 0.0 0.0 0.0 
1.82902293595e-05 0.0 0.0 0.0 
1.82902293595e-05 0.0 0.0 0.0 
0.000164612064235 0.0 0.0 0.0 
5.48706880784e-05 0.000184365781711 0.0 0.0 
0.000621867798222 0.0 0.0 0.0 
1.82902293595e-05 0.0 0.0 0.0 
0.000146321834876 0.0 0.0 0.0 
0.0 0.0 0.000184365781711 0.0 
1.82902293595e-05 0.0 0.0 0.0 
0.000384094816549 0.0 0.000553097345133 0.0 
7.31609174379e-05 0.0 0.0 0.0 
1.82902293595e-05 0.0 0.0 0.0 
0.000109741376157 0.0 0.0 0.0 
1.82902293595e-05 0.0 0.0 0.0 
3.6580458719e-05 0.000184365781711 0.0 0.0 
3.6580458719e-05 0.000184365781711 0.0 0.0 
9.14511467974e-05 0.0 0.0 0.0 
0.000256063211033 0.0016592920354 0.0 0.0 
0.000329224128471 0.0 0.00221238938053 0.0 
0.00226798844058 0.0 0.0 0.0 
1.82902293595e-05 0.0 0.0 0.0 
7.31609174379e-05 0.0 0.0 0.0 
3.6580458719e-05 0.0 0.0 0.0 
0.0012620258258 0.0 0.0 0.0 
1.82902293595e-05 0.0 0.0 0.0 
1.82902293595e-05 0.0 0.0 0.0 
1.82902293595e-05 0.0 0.0 0.0 
1.82902293595e-05 0.0 0.0 0.0 
1.82902293595e-05 0.0 0.0 0.0 
1.82902293595e-05 0.0 0.0 0.0 
1.82902293595e-05 0.0 0.0 0.0 
1.82902293595e-05 0.0 0.0 0.0 
1.82902293595e-05 0.0 0.0 0.0 
3.6580458719e-05 0.0 0.0 0.0 
1.82902293595e-05 0.0 0.0 0.0 
1.82902293595e-05 0.0 0.0 0.0 
1.82902293595e-05 0.0 0.0 0.0 
7.31609174379e-05 0.0 0.0 0.0 
3.6580458719e-05 0.000184365781711 0.0 0.0 
7.31609174379e-05 0.0 0.0 0.0 
0.000219482752314 0.00129056047198 0.0 0.0 
1.82902293595e-05 0.0 0.0 0.0 
0.000457255733987 0.0 0.0 0.0 
1.82902293595e-05 0.0 0.0 0.0 
5.48706880784e-05 0.0 0.0 0.0 
3.6580458719e-05 0.0 0.0 0.0 
0.000329224128471 0.0 0.0 0.0 
0.00129860628452 0.00460914454277 0.0 0.0 
1.82902293595e-05 0.0 0.0 0.0 
1.82902293595e-05 0.0 0.0 0.0 
1.82902293595e-05 0.0 0.0 0.0 
0.0 0.0 0.000184365781711 0.0 
1.82902293595e-05 0.0 0.0 0.0 
0.00100596261477 0.0 0.000921828908555 0.0 
3.6580458719e-05 0.0 0.0 0.0 
3.6580458719e-05 0.0 0.0 0.0 
7.31609174379e-05 0.0 0.0 0.0 
0.0 0.0 0.0 0.0196078431373 
1.82902293595e-05 0.0 0.0 0.0 
1.82902293595e-05 0.0 0.0 0.0 
1.82902293595e-05 0.000184365781711 0.0 0.0 
7.31609174379e-05 0.000184365781711 0.0 0.0 
3.6580458719e-05 0.0 0.0 0.0 
7.31609174379e-05 0.0 0.0 0.0 
1.82902293595e-05 0.0 0.0 0.0 
1.82902293595e-05 0.0 0.0 0.0 
7.31609174379e-05 0.0 0.0 0.0 
0.00100596261477 0.00497787610619 0.0 0.0 
0.0013534769726 0.0 0.000184365781711 0.0 
0.00285327578008 0.0 0.0 0.0 
5.48706880784e-05 0.00184365781711 0.0 0.0 
0.000128031605516 0.0 0.0 0.0 
1.82902293595e-05 0.000184365781711 0.0 0.0 
0.000256063211033 0.0 0.0 0.0 
0.000292643669752 0.0 0.0 0.0 
7.31609174379e-05 0.0 0.0 0.0 
1.82902293595e-05 0.0 0.0 0.0 
1.82902293595e-05 0.0 0.0 0.0 
1.82902293595e-05 0.0 0.0 0.0 
1.82902293595e-05 0.0 0.0 0.0 
0.000493836192706 0.00202802359882 0.0 0.0 
5.48706880784e-05 0.0 0.0 0.0 
0.00261550279841 0.0 0.0 0.0 
0.000951091926693 0.00184365781711 0.0 0.0 
7.31609174379e-05 0.0 0.0 0.0 
0.00142663789004 0.0 0.0 0.0 
1.82902293595e-05 0.0 0.0 0.0 
3.6580458719e-05 0.0 0.000184365781711 0.0 
0.000182902293595 0.000737463126844 0.0 0.0 
0.000109741376157 0.0 0.000184365781711 0.0 
0.0 0.000184365781711 0.0 0.0 
0.000182902293595 0.0 0.0 0.0 
1.82902293595e-05 0.0 0.0 0.0 
1.82902293595e-05 0.0 0.000184365781711 0.0 
0.0 0.000184365781711 0.0 0.0 
0.000292643669752 0.00110619469027 0.0 0.0 
7.31609174379e-05 0.0 0.0 0.0 
3.6580458719e-05 0.0 0.0 0.0 
3.6580458719e-05 0.0 0.0 0.0 
0.0 0.0 0.000184365781711 0.0 
0.0 0.000184365781711 0.0 0.0 
0.000329224128471 0.0 0.0 0.0 
5.48706880784e-05 0.000553097345133 0.0 0.0 
1.82902293595e-05 0.0 0.0 0.0 
1.82902293595e-05 0.0 0.0 0.0 
0.0 0.000184365781711 0.0 0.0 
0.000621867798222 0.0 0.0 0.0 
1.82902293595e-05 0.000368731563422 0.0 0.0 
5.48706880784e-05 0.0 0.0 0.0 
1.82902293595e-05 0.0 0.0 0.0 
1.82902293595e-05 0.000184365781711 0.0 0.0 
0.000987672385412 0.0 0.0 0.0 
3.6580458719e-05 0.0 0.0 0.0 
5.48706880784e-05 0.0 0.0 0.0 
1.82902293595e-05 0.0 0.0 0.0 
1.82902293595e-05 0.0 0.000184365781711 0.0 
3.6580458719e-05 0.0 0.0 0.0 
0.000128031605516 0.0 0.0 0.0 
0.000310933899111 0.0 0.000184365781711 0.0 
0.0 0.000368731563422 0.0 0.0 
1.82902293595e-05 0.000184365781711 0.0 0.0 
1.82902293595e-05 0.0 0.0 0.0 
1.82902293595e-05 0.000184365781711 0.0 0.0 
1.82902293595e-05 0.0 0.0 0.0 
9.14511467974e-05 0.00110619469027 0.0 0.0 
1.82902293595e-05 0.0 0.000184365781711 0.0 
0.000182902293595 0.0 0.0 0.0 
3.6580458719e-05 0.0 0.0 0.0 
0.00278011486264 0.0200958702065 0.000184365781711 0.0 
1.82902293595e-05 0.0 0.000737463126844 0.0 
0.00034751435783 0.0 0.0 0.0 
0.000128031605516 0.000368731563422 0.0 0.0 
0.000256063211033 0.00516224188791 0.0 0.0 
9.14511467974e-05 0.0 0.000184365781711 0.0 
0.000128031605516 0.0 0.0 0.0 
0.00128031605516 0.0420353982301 0.0 0.078431372549 
0.0 0.000184365781711 0.0 0.0 
0.000457255733987 0.00645280235988 0.0 0.0 
1.82902293595e-05 0.0 0.0 0.0 
0.0 0.000184365781711 0.0 0.0 
3.6580458719e-05 0.0 0.0 0.0 
1.82902293595e-05 0.0 0.0 0.0 
1.82902293595e-05 0.0 0.0 0.0 
0.00283498555072 0.00350294985251 0.0 0.0 
3.6580458719e-05 0.0 0.0 0.0 
0.00400556022973 0.0 0.0 0.0 
0.000749899403739 0.000737463126844 0.0 0.0 
7.31609174379e-05 0.0 0.000184365781711 0.0 
0.000530416651425 0.0 0.0 0.0 
0.0 0.0 0.000184365781711 0.0 
1.82902293595e-05 0.0 0.0 0.0 
1.82902293595e-05 0.0 0.0 0.0 
3.6580458719e-05 0.0 0.0 0.0 
3.6580458719e-05 0.0 0.000184365781711 0.0 
1.82902293595e-05 0.0 0.0 0.0 
0.000237772981673 0.0 0.000368731563422 0.0 
1.82902293595e-05 0.000368731563422 0.0 0.0 
5.48706880784e-05 0.0 0.000184365781711 0.0 
0.000146321834876 0.0 0.000184365781711 0.0 
3.6580458719e-05 0.0 0.000184365781711 0.0 
5.48706880784e-05 0.000368731563422 0.0 0.0 
0.000256063211033 0.0 0.0 0.0 
3.6580458719e-05 0.0 0.0 0.0 
0.000475545963346 0.0 0.0 0.0 
0.0 0.000184365781711 0.0 0.0 
1.82902293595e-05 0.0 0.0 0.0 
3.6580458719e-05 0.0 0.0 0.0 
7.31609174379e-05 0.0 0.0 0.0 
0.00190218385339 0.0239675516224 0.0 0.0 
0.000164612064235 0.0 0.0 0.0 
0.000329224128471 0.0 0.0 0.0 
0.000164612064235 0.0 0.000184365781711 0.0 
1.82902293595e-05 0.0 0.0 0.0 
0.000128031605516 0.000921828908555 0.0 0.0 
0.000201192522954 0.0 0.0 0.0 
0.000164612064235 0.0 0.0 0.0 
3.6580458719e-05 0.0 0.0 0.0 
5.48706880784e-05 0.0 0.0 0.0 
3.6580458719e-05 0.0 0.0 0.0 
3.6580458719e-05 0.0 0.0 0.0 
1.82902293595e-05 0.0 0.0 0.0 
1.82902293595e-05 0.0 0.0 0.0 
1.82902293595e-05 0.0 0.0 0.0 
1.82902293595e-05 0.0 0.0 0.0 
1.82902293595e-05 0.0 0.0 0.0 
1.82902293595e-05 0.0 0.0 0.0 
0.000256063211033 0.0 0.0 0.0 
1.82902293595e-05 0.0 0.0 0.0 
1.82902293595e-05 0.0 0.0 0.0 
0.0 0.000184365781711 0.0 0.0 
1.82902293595e-05 0.0 0.0 0.0 
3.6580458719e-05 0.0 0.0 0.0 
1.82902293595e-05 0.0 0.0 0.0 
1.82902293595e-05 0.0 0.0 0.0 
1.82902293595e-05 0.0 0.0 0.0 
3.6580458719e-05 0.00258112094395 0.0 0.0 
0.000219482752314 0.0 0.00202802359882 0.0 
0.00131689651388 0.0 0.0 0.0 
1.82902293595e-05 0.0 0.0 0.0 
0.000109741376157 0.000737463126844 0.0 0.0 
7.31609174379e-05 0.0 0.0 0.0 
0.00071331894502 0.0 0.0 0.0 
0.000512126422065 0.00313421828909 0.000737463126844 0.372549019608 
1.82902293595e-05 0.0 0.0 0.0 
3.6580458719e-05 0.0 0.0 0.0 
5.48706880784e-05 0.0 0.0 0.0 
0.000164612064235 0.0 0.0 0.0 
0.0 0.000184365781711 0.0 0.0 
0.00369462633061 0.0208333333333 0.0 0.0 
0.00413359183524 0.0 0.00479351032448 0.0 
0.00742583311995 0.0 0.000184365781711 0.0 
0.00470058894539 0.0176991150442 0.0 0.0 
0.000201192522954 0.0 0.000184365781711 0.0 
0.00715147967956 0.0 0.0 0.0 
0.000749899403739 0.00571533923304 0.0 0.0 
3.6580458719e-05 0.0 0.0 0.0 
1.82902293595e-05 0.0 0.000184365781711 0.0 
1.82902293595e-05 0.0 0.0 0.0 
1.82902293595e-05 0.0 0.000184365781711 0.0 
1.82902293595e-05 0.0 0.0 0.0 
1.82902293595e-05 0.000184365781711 0.0 0.0 
0.0 0.0 0.000553097345133 0.0 
0.000146321834876 0.0 0.0 0.0 
7.31609174379e-05 0.0 0.0 0.0 
0.0 0.0 0.000184365781711 0.0 
1.82902293595e-05 0.0 0.0 0.0 
0.000182902293595 0.00147492625369 0.0 0.0 
0.000512126422065 0.0 0.000368731563422 0.0 
0.00071331894502 0.0 0.0 0.0 
0.0 0.0 0.000184365781711 0.0 
0.000310933899111 0.0 0.0 0.0 
5.48706880784e-05 0.0 0.0 0.0 
9.14511467974e-05 0.000921828908555 0.0 0.0 
1.82902293595e-05 0.0 0.0 0.0 
1.82902293595e-05 0.0 0.0 0.0 
3.6580458719e-05 0.0 0.0 0.0 
1.82902293595e-05 0.0 0.0 0.0 
1.82902293595e-05 0.0 0.0 0.0 
0.000274353440392 0.0 0.0 0.0 
0.000146321834876 0.000737463126844 0.000184365781711 0.0 
0.000823060321176 0.00645280235988 0.0 0.0 
0.000457255733987 0.0 0.000737463126844 0.0 
0.000402385045908 0.0 0.0 0.0 
3.6580458719e-05 0.0 0.0 0.0196078431373 
0.000512126422065 0.00276548672566 0.0 0.0 
3.6580458719e-05 0.0 0.0 0.0 
1.82902293595e-05 0.0 0.0 0.0 
1.82902293595e-05 0.0 0.0 0.0 
1.82902293595e-05 0.0 0.0 0.0 
1.82902293595e-05 0.0 0.000184365781711 0.0 
0.000512126422065 0.00221238938053 0.000184365781711 0.0 
0.00139005743132 0.0 0.000921828908555 0.0 
0.000951091926693 0.0 0.0 0.0 
0.000128031605516 0.000921828908555 0.0 0.0 
0.000237772981673 0.0 0.0 0.0 
0.000201192522954 0.0 0.0 0.0 
1.82902293595e-05 0.0 0.0 0.0 
1.82902293595e-05 0.0 0.0 0.0 
0.000128031605516 0.0 0.0 0.0 
1.82902293595e-05 0.0 0.0 0.0 
3.6580458719e-05 0.0 0.0 0.0 
7.31609174379e-05 0.0 0.0 0.0 
5.48706880784e-05 0.0 0.0 0.0 
0.0 0.000184365781711 0.0 0.0 
1.82902293595e-05 0.0 0.0 0.0 
1.82902293595e-05 0.0 0.0 0.0 
9.14511467974e-05 0.0 0.0 0.0 
0.000457255733987 0.0 0.000184365781711 0.0 
0.000841350550536 0.0 0.0 0.0 
5.48706880784e-05 0.0 0.0 0.0 
1.82902293595e-05 0.0 0.0 0.0 
0.000201192522954 0.000737463126844 0.0 0.0 
0.00517613490873 0.0 0.0184365781711 0.0 
0.00071331894502 0.0 0.0 0.0 
0.0 0.0 0.000184365781711 0.0 
3.6580458719e-05 0.000368731563422 0.0 0.0 
0.000164612064235 0.0 0.0016592920354 0.0 
0.000128031605516 0.0 0.0 0.0 
1.82902293595e-05 0.0 0.0 0.0 
1.82902293595e-05 0.0 0.0 0.0 
0.000548706880784 0.000553097345133 0.0 0.0 
3.6580458719e-05 0.0 0.0 0.0 
0.000201192522954 0.0 0.0 0.0 
0.0012620258258 0.0 0.0 0.0 
3.6580458719e-05 0.0 0.0 0.0 
5.48706880784e-05 0.0 0.0 0.0 
3.6580458719e-05 0.0 0.0 0.0 
1.82902293595e-05 0.0 0.0 0.0 
1.82902293595e-05 0.0 0.0 0.0 
1.82902293595e-05 0.0 0.0 0.0 
3.6580458719e-05 0.0 0.0 0.0 
0.000109741376157 0.0 0.0 0.0 
5.48706880784e-05 0.0 0.0 0.0 
1.82902293595e-05 0.0 0.0 0.0 
1.82902293595e-05 0.0 0.0 0.0 
1.82902293595e-05 0.0 0.0 0.0 
3.6580458719e-05 0.0 0.0 0.0 
5.48706880784e-05 0.0 0.0 0.0 
0.000402385045908 0.0 0.0 0.0 
1.82902293595e-05 0.0 0.0 0.0 
1.82902293595e-05 0.0 0.0 0.0 
1.82902293595e-05 0.0 0.0 0.0 
1.82902293595e-05 0.0 0.0 0.0 
1.82902293595e-05 0.0 0.0 0.0 
1.82902293595e-05 0.0 0.0 0.0 
1.82902293595e-05 0.0 0.0 0.0 
7.31609174379e-05 0.000184365781711 0.0 0.0 
0.00118886490837 0.00792772861357 0.0 0.0 
0.000932801697333 0.0 0.0 0.0 
0.00316420967919 0.00626843657817 0.0 0.0 
3.6580458719e-05 0.0 0.0 0.0 
0.00164612064235 0.0 0.0 0.0 
1.82902293595e-05 0.0 0.0 0.0 
0.0 0.000184365781711 0.0 0.0 
0.0 0.000184365781711 0.0 0.0 
1.82902293595e-05 0.0 0.0 0.0 
1.82902293595e-05 0.0 0.0 0.0 
1.82902293595e-05 0.0 0.0 0.0 
1.82902293595e-05 0.0 0.0 0.0 
0.000292643669752 0.00202802359882 0.0 0.0 
0.000585287339503 0.0 0.0 0.0 
1.82902293595e-05 0.0 0.0 0.0 
3.6580458719e-05 0.000737463126844 0.0 0.0 
1.82902293595e-05 0.0 0.0 0.0 
0.00217653729378 0.0 0.0 0.0 
3.6580458719e-05 0.0 0.0 0.0 
0.0 0.0 0.000184365781711 0.0 
1.82902293595e-05 0.0 0.0 0.0 
1.82902293595e-05 0.0 0.0 0.0 
1.82902293595e-05 0.0 0.0 0.0 
0.000457255733987 0.00110619469027 0.0 0.0 
0.000128031605516 0.0 0.0 0.0 
0.000146321834876 0.00110619469027 0.0 0.0 
0.0 0.000184365781711 0.0 0.0 
1.82902293595e-05 0.0 0.0 0.0 
5.48706880784e-05 0.000184365781711 0.0 0.0 
0.000402385045908 0.00221238938053 0.0 0.0 
0.000146321834876 0.0 0.0 0.0 
5.48706880784e-05 0.0 0.000184365781711 0.0 
1.82902293595e-05 0.0 0.0 0.0 
1.82902293595e-05 0.0 0.0 0.0196078431373 
5.48706880784e-05 0.000184365781711 0.0 0.0 
0.000109741376157 0.0 0.0 0.0 
0.0 0.00110619469027 0.0 0.0 
1.82902293595e-05 0.0 0.0 0.0 
1.82902293595e-05 0.0 0.0 0.0 
5.48706880784e-05 0.0 0.0 0.0 
1.82902293595e-05 0.0 0.0 0.0 
5.48706880784e-05 0.0 0.0 0.0 
1.82902293595e-05 0.0 0.0 0.0 
0.0 0.0 0.000184365781711 0.0 
1.82902293595e-05 0.0 0.0 0.0 
0.000329224128471 0.0 0.0 0.0 
0.00235943958737 0.0 0.0 0.0 
5.48706880784e-05 0.0 0.0 0.0 
0.000109741376157 0.0 0.0 0.0 
5.48706880784e-05 0.0 0.0 0.0 
3.6580458719e-05 0.0 0.0 0.0 
0.000146321834876 0.0 0.0 0.0 
0.000292643669752 0.0 0.0 0.0 
1.82902293595e-05 0.0 0.0 0.0 
0.000182902293595 0.0 0.0 0.0 
0.000292643669752 0.0 0.0 0.0 
1.82902293595e-05 0.0 0.0 0.0 
5.48706880784e-05 0.0 0.0 0.0 
1.82902293595e-05 0.0 0.0 0.0 
0.0 0.0 0.000184365781711 0.0 
7.31609174379e-05 0.0 0.00110619469027 0.0 
1.82902293595e-05 0.0 0.0 0.0 
9.14511467974e-05 0.0 0.0 0.0 
3.6580458719e-05 0.0 0.0 0.0 
0.000804770091817 0.0 0.0 0.0 
3.6580458719e-05 0.0 0.0 0.0 
5.48706880784e-05 0.0 0.000184365781711 0.0 
0.000128031605516 0.0 0.0 0.0 
7.31609174379e-05 0.0 0.000184365781711 0.0 
0.000128031605516 0.0 0.0 0.0 
0.000841350550536 0.000184365781711 0.0 0.0 
1.82902293595e-05 0.0 0.0 0.0 
1.82902293595e-05 0.0 0.0 0.0 
0.000146321834876 0.0 0.000368731563422 0.0 
0.000109741376157 0.0 0.0 0.0 
0.000274353440392 0.0 0.0 0.0 
0.000384094816549 0.0 0.0 0.0 
0.000164612064235 0.0 0.0 0.0 
0.0012620258258 0.0 0.00387168141593 0.0 
1.82902293595e-05 0.0 0.0 0.0 
3.6580458719e-05 0.0 0.0 0.0 
0.000146321834876 0.0 0.000184365781711 0.0 
0.000201192522954 0.0 0.0 0.0 
0.00118886490837 0.00276548672566 0.0 0.0 
0.00808428137689 0.0 0.0448008849558 0.0 
0.00389581885357 0.0 0.0 0.0 
0.000402385045908 0.0 0.00147492625369 0.0 
3.6580458719e-05 0.000553097345133 0.0 0.0 
0.00166441087171 0.0 0.0 0.0 
0.00129860628452 0.0016592920354 0.0 0.0 
3.6580458719e-05 0.0 0.000553097345133 0.0 
0.000292643669752 0.0 0.0 0.0 
0.0 0.0 0.000184365781711 0.0 
3.6580458719e-05 0.000184365781711 0.0 0.0 
1.82902293595e-05 0.0 0.0 0.0 
1.82902293595e-05 0.0 0.0 0.0 
1.82902293595e-05 0.0 0.0 0.0 
5.48706880784e-05 0.0 0.0 0.0 
1.82902293595e-05 0.0 0.0 0.0 
0.0 0.000184365781711 0.0 0.0 
1.82902293595e-05 0.0 0.0 0.0 
1.82902293595e-05 0.0 0.0 0.0 
7.31609174379e-05 0.000368731563422 0.0 0.0 
1.82902293595e-05 0.0 0.0 0.0 
0.0 0.000368731563422 0.0 0.0 
1.82902293595e-05 0.0 0.0 0.0 
0.00195705454146 0.00147492625369 0.0 0.0 
0.0149248271573 0.0 0.00903392330383 0.0 
0.0200278011486 0.0 0.000184365781711 0.0 
7.31609174379e-05 0.0 0.0 0.0 
9.14511467974e-05 0.000553097345133 0.0 0.0 
0.000548706880784 0.0 0.00110619469027 0.0 
0.00181073270659 0.0 0.0 0.0 
0.0 0.0 0.000184365781711 0.0 
1.82902293595e-05 0.0 0.0 0.0 
1.82902293595e-05 0.0 0.0 0.0 
0.000292643669752 0.0 0.0 0.0 
0.000146321834876 0.0 0.00147492625369 0.0 
0.000384094816549 0.0 0.0 0.0 
0.000109741376157 0.0 0.0 0.0 
1.82902293595e-05 0.0 0.0 0.0 
0.0 0.000184365781711 0.0 0.0 
7.31609174379e-05 0.0 0.0 0.0 
3.6580458719e-05 0.0 0.0 0.0 
1.82902293595e-05 0.0 0.0 0.0 
0.000420675275268 0.0 0.00258112094395 0.0 
0.000987672385412 0.0 0.0 0.0 
1.82902293595e-05 0.0 0.000368731563422 0.0 
0.0 0.0 0.000184365781711 0.0 
3.6580458719e-05 0.0 0.0 0.0 
1.82902293595e-05 0.0 0.0 0.0 
1.82902293595e-05 0.0 0.0 0.0 
1.82902293595e-05 0.0 0.0 0.0 
1.82902293595e-05 0.0 0.000184365781711 0.0 
1.82902293595e-05 0.0 0.0 0.0 
1.82902293595e-05 0.0 0.0 0.0 
1.82902293595e-05 0.0 0.0 0.0 
1.82902293595e-05 0.0 0.0 0.0 
1.82902293595e-05 0.0 0.0 0.0 
9.14511467974e-05 0.0 0.0 0.0 
1.82902293595e-05 0.0 0.0 0.0 
0.00124373559644 0.0 0.0 0.0 
0.00106083330285 0.000737463126844 0.0 0.0 
0.000164612064235 0.0 0.000368731563422 0.0 
0.00173757178915 0.0 0.0 0.0 
1.82902293595e-05 0.0 0.0 0.0 
0.0 0.0 0.000184365781711 0.0 
1.82902293595e-05 0.0 0.0 0.0 
5.48706880784e-05 0.0 0.0 0.0 
7.31609174379e-05 0.0 0.000184365781711 0.0 
3.6580458719e-05 0.0 0.0 0.0 
5.48706880784e-05 0.0 0.0 0.0 
0.000841350550536 0.0 0.0 0.0 
1.82902293595e-05 0.0 0.0 0.0 
9.14511467974e-05 0.0 0.0 0.0 
5.48706880784e-05 0.0 0.0 0.0 
0.000310933899111 0.0 0.00239675516224 0.0 
0.0043347843582 0.0 0.0 0.0 
7.31609174379e-05 0.000184365781711 0.0 0.0 
0.000274353440392 0.0 0.000737463126844 0.0 
0.00124373559644 0.0 0.0 0.0 
1.82902293595e-05 0.0 0.0 0.0 
1.82902293595e-05 0.0 0.0 0.0 
1.82902293595e-05 0.0 0.0 0.0 
0.000219482752314 0.0 0.000184365781711 0.0 
3.6580458719e-05 0.0 0.0 0.0 
0.000731609174379 0.0 0.0 0.0 
3.6580458719e-05 0.0 0.0 0.0 
9.14511467974e-05 0.0 0.0 0.0 
1.82902293595e-05 0.0 0.0 0.0 
1.82902293595e-05 0.0 0.0 0.0 
1.82902293595e-05 0.0 0.0 0.0 
0.000164612064235 0.0 0.00276548672566 0.0 
0.000548706880784 0.0 0.0 0.0 
0.00248747119289 0.0 0.00368731563422 0.0 
0.00149979880748 0.0 0.0 0.0 
1.82902293595e-05 0.0 0.0 0.0 
0.000128031605516 0.0 0.0 0.0 
3.6580458719e-05 0.0 0.0 0.0 
0.000128031605516 0.0 0.0 0.0 
1.82902293595e-05 0.0 0.0 0.0 
1.82902293595e-05 0.0 0.0 0.0 
1.82902293595e-05 0.0 0.0 0.0 
0.000658448256941 0.0 0.00202802359882 0.0 
0.000237772981673 0.0 0.0 0.0 
0.000164612064235 0.0 0.000368731563422 0.0 
1.82902293595e-05 0.0 0.0 0.0 
1.82902293595e-05 0.0 0.0 0.0 
0.000256063211033 0.0 0.0 0.0 
0.0 0.0 0.000184365781711 0.0 
0.00168270110107 0.0 0.0106932153392 0.0 
0.000420675275268 0.0 0.0 0.0 
0.0 0.0 0.000184365781711 0.0 
3.6580458719e-05 0.0 0.000184365781711 0.0 
0.000182902293595 0.0 0.0 0.0 
0.000164612064235 0.0 0.0 0.0 
1.82902293595e-05 0.0 0.0 0.0 
1.82902293595e-05 0.0 0.0 0.0 
1.82902293595e-05 0.0 0.0 0.0 
3.6580458719e-05 0.0 0.0 0.0 
1.82902293595e-05 0.0 0.0 0.0 
1.82902293595e-05 0.0 0.0 0.0 
3.6580458719e-05 0.0 0.0 0.0 
3.6580458719e-05 0.0 0.0 0.0 
3.6580458719e-05 0.0 0.000368731563422 0.0 
0.00036580458719 0.000184365781711 0.0 0.0 
0.0062735486703 0.0 0.0516224188791 0.0 
0.00278011486264 0.0 0.0 0.0 
0.000512126422065 0.0 0.00405604719764 0.0 
5.48706880784e-05 0.0 0.0 0.0 
3.6580458719e-05 0.0 0.0 0.0 
0.000420675275268 0.0 0.0 0.0 
1.82902293595e-05 0.0 0.0 0.0 
3.6580458719e-05 0.0 0.0 0.0 
3.6580458719e-05 0.0 0.0 0.0 
0.000292643669752 0.0 0.0 0.0 
7.31609174379e-05 0.0 0.0 0.0 
7.31609174379e-05 0.0 0.0 0.0 
1.82902293595e-05 0.0 0.0 0.0 
1.82902293595e-05 0.0 0.0 0.0 
0.000384094816549 0.0 0.0 0.0 
0.000566997110144 0.0 0.0 0.0 
7.31609174379e-05 0.0 0.0 0.0 
0.0 0.0 0.000184365781711 0.0 
1.82902293595e-05 0.0 0.0 0.0 
3.6580458719e-05 0.0 0.0 0.0 
1.82902293595e-05 0.0 0.0 0.0 
1.82902293595e-05 0.0 0.0 0.0 
1.82902293595e-05 0.0 0.0 0.0 
1.82902293595e-05 0.0 0.0 0.0 
0.0 0.000184365781711 0.0 0.0 
0.0153820828913 0.0 0.0571533923304 0.0 
0.00440794527563 0.0 0.0 0.0 
1.82902293595e-05 0.0 0.000921828908555 0.0 
1.82902293595e-05 0.0 0.0 0.0 
3.6580458719e-05 0.0 0.0 0.0 
5.48706880784e-05 0.0 0.0 0.0 
0.000146321834876 0.0 0.0 0.0 
3.6580458719e-05 0.0 0.0 0.0 
1.82902293595e-05 0.0 0.0 0.0 
1.82902293595e-05 0.0 0.0 0.0 
1.82902293595e-05 0.0 0.0 0.0 
3.6580458719e-05 0.0 0.0 0.0 
0.000146321834876 0.0 0.0 0.0 
1.82902293595e-05 0.0 0.0 0.0 
1.82902293595e-05 0.0 0.0 0.0 
0.0 0.0 0.000368731563422 0.0 
0.00493836192706 0.0 0.0 0.0 
1.82902293595e-05 0.0 0.0 0.0 
0.0 0.000184365781711 0.0 0.0 
1.82902293595e-05 0.0 0.0 0.0 
3.6580458719e-05 0.0 0.0 0.0 
0.000128031605516 0.0 0.000184365781711 0.0 
7.31609174379e-05 0.0 0.0 0.0 
1.82902293595e-05 0.0 0.0 0.0 
3.6580458719e-05 0.0 0.0 0.0 
1.82902293595e-05 0.0 0.0 0.0 
0.000109741376157 0.0 0.0 0.0 
0.00199363500018 0.0130899705015 0.0 0.0 
0.00107912353221 0.0 0.000737463126844 0.0 
0.00755386472546 0.0 0.0 0.0 
0.00331053151407 0.00571533923304 0.0 0.0196078431373 
0.000237772981673 0.0 0.000368731563422 0.0 
0.00607235614735 0.0 0.0 0.0 
0.0 0.0 0.000368731563422 0.0 
1.82902293595e-05 0.0 0.0 0.0 
0.000146321834876 0.0 0.0 0.0 
0.000201192522954 0.0 0.000553097345133 0.0 
0.000182902293595 0.0 0.0016592920354 0.0 
3.6580458719e-05 0.000368731563422 0.0 0.0 
9.14511467974e-05 0.0 0.00184365781711 0.0 
0.00069502871566 0.0 0.0 0.0 
0.000109741376157 0.0 0.0 0.0 
0.0 0.0 0.000184365781711 0.0 
1.82902293595e-05 0.0 0.0 0.0 
0.0 0.000184365781711 0.0 0.0 
1.82902293595e-05 0.0 0.0 0.0 
0.00427991367012 0.0106932153392 0.0 0.0 
0.000164612064235 0.0 0.0016592920354 0.0 
0.00195705454146 0.0 0.0 0.0 
0.0 0.0 0.000184365781711 0.0 
1.82902293595e-05 0.0 0.000184365781711 0.0 
0.0 0.000184365781711 0.0 0.0 
3.6580458719e-05 0.0 0.0 0.0 
0.0 0.000184365781711 0.0 0.0 
0.000201192522954 0.000368731563422 0.0 0.0 
0.000219482752314 0.0 0.000368731563422 0.0 
0.000146321834876 0.0 0.0 0.0 
0.00118886490837 0.000921828908555 0.0 0.0 
0.000292643669752 0.0 0.00221238938053 0.0 
0.000146321834876 0.0 0.0 0.0 
0.000292643669752 0.000921828908555 0.0 0.0392156862745 
1.82902293595e-05 0.0 0.0 0.0 
1.82902293595e-05 0.0 0.0 0.0 
0.0 0.0 0.000184365781711 0.0 
3.6580458719e-05 0.0 0.0 0.0 
0.0 0.0 0.0 0.0196078431373 
1.82902293595e-05 0.0 0.0 0.0 
5.48706880784e-05 0.0 0.0 0.0 
5.48706880784e-05 0.0 0.000368731563422 0.0 
0.00034751435783 0.00147492625369 0.0 0.0 
0.000274353440392 0.0 0.000553097345133 0.0 
0.00283498555072 0.0 0.0 0.0 
0.000329224128471 0.000184365781711 0.0 0.0 
0.000384094816549 0.0 0.000184365781711 0.0 
0.00109741376157 0.0 0.0 0.0 
0.0 0.0 0.000184365781711 0.0 
1.82902293595e-05 0.0 0.0 0.0 
0.0 0.0 0.000184365781711 0.0 
1.82902293595e-05 0.0 0.0 0.0 
1.82902293595e-05 0.0 0.0 0.0 
0.000128031605516 0.0 0.0 0.0 
1.82902293595e-05 0.0 0.0 0.0 
9.14511467974e-05 0.0 0.000737463126844 0.0 
0.000457255733987 0.0 0.0 0.0 
1.82902293595e-05 0.0 0.0 0.0 
7.31609174379e-05 0.0 0.0 0.0 
7.31609174379e-05 0.0 0.0 0.0 
3.6580458719e-05 0.0 0.0 0.0 
1.82902293595e-05 0.0 0.0 0.0 
0.000237772981673 0.0 0.0 0.0 
1.82902293595e-05 0.0 0.0 0.0 
1.82902293595e-05 0.0 0.0 0.0 
0.000566997110144 0.0 0.0 0.0 
1.82902293595e-05 0.0 0.0 0.0 
0.000128031605516 0.0 0.0 0.0 
5.48706880784e-05 0.0 0.0 0.0 
0.000493836192706 0.0033185840708 0.0 0.0 
5.48706880784e-05 0.0 0.0 0.0 
7.31609174379e-05 0.000184365781711 0.0 0.0 
1.82902293595e-05 0.0 0.0 0.0 
0.000969382156052 0.0 0.0 0.0 
1.82902293595e-05 0.000737463126844 0.0 0.0 
3.6580458719e-05 0.0 0.0 0.0 
0.00034751435783 0.000553097345133 0.000368731563422 0.0 
9.14511467974e-05 0.00202802359882 0.0 0.0 
0.0 0.000553097345133 0.0 0.0 
9.14511467974e-05 0.0 0.0 0.0 
0.00140834766068 0.00921828908555 0.0 0.0 
7.31609174379e-05 0.0 0.000184365781711 0.0 
0.000658448256941 0.0 0.0 0.0 
0.00036580458719 0.00147492625369 0.0 0.0 
5.48706880784e-05 0.0 0.0 0.0 
0.0012620258258 0.00497787610619 0.0 0.0 
0.000329224128471 0.0 0.0 0.0 
0.0 0.0 0.000368731563422 0.0 
1.82902293595e-05 0.0 0.0 0.0 
1.82902293595e-05 0.0 0.0 0.0 
1.82902293595e-05 0.0 0.0 0.0 
0.00199363500018 0.00977138643068 0.0 0.0 
0.0136993817902 0.0 0.0208333333333 0.0 
0.00581629293631 0.0 0.000184365781711 0.0 
1.82902293595e-05 0.0 0.000184365781711 0.0 
0.00199363500018 0.00589970501475 0.0 0.0 
0.000786479862457 0.0 0.00350294985251 0.0 
0.00274353440392 0.0 0.0 0.0 
1.82902293595e-05 0.0 0.0 0.0 
3.6580458719e-05 0.0 0.0 0.0 
1.82902293595e-05 0.0 0.0 0.0 
1.82902293595e-05 0.0 0.0 0.0 
3.6580458719e-05 0.0 0.000553097345133 0.0 
0.0 0.000184365781711 0.0 0.0 
0.000128031605516 0.0 0.0 0.0 
0.000164612064235 0.0 0.0 0.0 
7.31609174379e-05 0.000184365781711 0.0 0.0 
0.00104254307349 0.0 0.000368731563422 0.0 
0.00142663789004 0.0 0.0 0.0 
3.6580458719e-05 0.0 0.0 0.0 
3.6580458719e-05 0.0 0.0 0.0 
1.82902293595e-05 0.0 0.0 0.0 
1.82902293595e-05 0.0 0.0 0.0 
1.82902293595e-05 0.0 0.0 0.0 
9.14511467974e-05 0.0 0.0 0.0 
3.6580458719e-05 0.0 0.0 0.0 
0.00100596261477 0.00258112094395 0.0 0.0 
3.6580458719e-05 0.0 0.0 0.0 
0.00034751435783 0.0 0.0 0.0 
0.000457255733987 0.0016592920354 0.0 0.0 
0.000932801697333 0.0 0.0068215339233 0.0 
0.000914511467974 0.0 0.0 0.0 
1.82902293595e-05 0.0 0.0 0.0 
0.000146321834876 0.0 0.0 0.0 
0.0 0.0 0.000184365781711 0.0 
0.0 0.0 0.000184365781711 0.0 
1.82902293595e-05 0.000184365781711 0.0 0.0 
1.82902293595e-05 0.0 0.0 0.0 
1.82902293595e-05 0.0 0.0 0.0 
0.00466400848667 0.00792772861357 0.0 0.0 
0.00801112045945 0.0 0.0671091445428 0.0 
0.00834034458792 0.0 0.0 0.0 
1.82902293595e-05 0.0 0.000184365781711 0.0 
0.000548706880784 0.00184365781711 0.0 0.0 
0.000237772981673 0.0 0.000737463126844 0.0 
0.00117057467901 0.0 0.0 0.0 
5.48706880784e-05 0.0 0.0 0.0 
0.0 0.0 0.000184365781711 0.0 
1.82902293595e-05 0.0 0.0 0.0 
3.6580458719e-05 0.0 0.0 0.0 
0.0 0.000184365781711 0.0 0.0 
0.000128031605516 0.000553097345133 0.0 0.0 
0.000146321834876 0.0 0.0 0.0 
3.6580458719e-05 0.0 0.0 0.0 
1.82902293595e-05 0.0 0.0 0.0 
0.000128031605516 0.0 0.000184365781711 0.0 
0.000109741376157 0.0 0.0 0.0 
0.000109741376157 0.0 0.0 0.0 
1.82902293595e-05 0.0 0.0 0.0 
0.000109741376157 0.0 0.000184365781711 0.0 
5.48706880784e-05 0.0 0.0 0.0 
1.82902293595e-05 0.0 0.0 0.0 
3.6580458719e-05 0.0 0.0 0.0 
0.00259721256905 0.0 0.00589970501475 0.0 
0.00197534477082 0.0 0.0 0.0 
0.000164612064235 0.0 0.00147492625369 0.0 
0.00815744229433 0.0 0.0 0.0 
3.6580458719e-05 0.0 0.0 0.0 
0.0 0.0 0.000921828908555 0.0 
3.6580458719e-05 0.0 0.000553097345133 0.0 
3.6580458719e-05 0.0 0.0 0.0 
1.82902293595e-05 0.0 0.0 0.0 
7.31609174379e-05 0.0 0.0 0.0 
3.6580458719e-05 0.0 0.0 0.0 
1.82902293595e-05 0.0 0.0 0.0 
3.6580458719e-05 0.0 0.0 0.0 
0.00182902293595 0.0 0.00645280235988 0.0 
0.000841350550536 0.0 0.0 0.0 
0.000109741376157 0.0 0.000368731563422 0.0 
3.6580458719e-05 0.0 0.0 0.0 
5.48706880784e-05 0.0 0.0 0.0 
1.82902293595e-05 0.0 0.0 0.0 
3.6580458719e-05 0.0 0.0 0.0 
1.82902293595e-05 0.0 0.0 0.0 
5.48706880784e-05 0.0 0.0 0.0 
0.000146321834876 0.0 0.0 0.0 
1.82902293595e-05 0.0 0.0 0.0 
3.6580458719e-05 0.0 0.0 0.0 
0.000109741376157 0.000184365781711 0.0 0.0 
1.82902293595e-05 0.0 0.0 0.0 
0.000164612064235 0.0 0.0 0.0 
3.6580458719e-05 0.000184365781711 0.0 0.0 
1.82902293595e-05 0.0 0.0 0.0 
1.82902293595e-05 0.0 0.0 0.0 
1.82902293595e-05 0.0 0.0 0.0 
1.82902293595e-05 0.0 0.0 0.0 
1.82902293595e-05 0.0 0.0 0.0 
1.82902293595e-05 0.0 0.0 0.0 
1.82902293595e-05 0.0 0.0 0.0 
0.000182902293595 0.0 0.0 0.0 
3.6580458719e-05 0.0 0.0 0.0 
1.82902293595e-05 0.0 0.0 0.0 
3.6580458719e-05 0.0 0.0 0.0 
1.82902293595e-05 0.0 0.0 0.0 
1.82902293595e-05 0.0 0.0 0.0 
9.14511467974e-05 0.0 0.0 0.0 
1.82902293595e-05 0.0 0.0 0.0 
5.48706880784e-05 0.0 0.000184365781711 0.0 
1.82902293595e-05 0.0 0.0 0.0 
1.82902293595e-05 0.0 0.0 0.0 
1.82902293595e-05 0.0 0.000184365781711 0.0 
0.0043347843582 0.0 0.0154867256637 0.0 
0.00336540220214 0.0 0.0 0.0 
0.000164612064235 0.0 0.000368731563422 0.0 
0.00321908036727 0.0 0.0 0.0 
0.000292643669752 0.0 0.0 0.0 
7.31609174379e-05 0.000368731563422 0.0 0.0 
1.82902293595e-05 0.0 0.00129056047198 0.0 
0.000128031605516 0.0 0.0 0.0 
0.0 0.0 0.000184365781711 0.0 
5.48706880784e-05 0.0 0.0 0.0 
1.82902293595e-05 0.0 0.0 0.0 
0.00170099133043 0.0 0.00313421828909 0.0 
0.00142663789004 0.0 0.0 0.0 
0.000310933899111 0.0 0.000184365781711 0.0 
0.00164612064235 0.0 0.0 0.0 
3.6580458719e-05 0.0 0.0 0.0 
0.000475545963346 0.0 0.00110619469027 0.0 
0.000640158027582 0.0 0.0 0.0 
3.6580458719e-05 0.0 0.0 0.0 
0.0 0.0 0.000184365781711 0.0 
9.14511467974e-05 0.0 0.000184365781711 0.0 
0.000237772981673 0.0 0.0 0.0 
0.000201192522954 0.0 0.000184365781711 0.0 
5.48706880784e-05 0.0 0.0 0.0 
5.48706880784e-05 0.0 0.0 0.0 
1.82902293595e-05 0.0 0.0 0.0 
3.6580458719e-05 0.0 0.0 0.0 
7.31609174379e-05 0.0 0.0 0.0 
3.6580458719e-05 0.0 0.0 0.0 
5.48706880784e-05 0.0 0.0 0.0 
7.31609174379e-05 0.0 0.0 0.0 
0.000109741376157 0.000368731563422 0.0 0.0 
0.000109741376157 0.0 0.0 0.0 
0.000146321834876 0.0 0.000368731563422 0.0 
5.48706880784e-05 0.0 0.0 0.0 
0.000804770091817 0.00387168141593 0.0 0.0 
0.000292643669752 0.0 0.000184365781711 0.0 
0.00036580458719 0.00387168141593 0.0 0.0 
0.000859640779895 0.00534660766962 0.0 0.0 
0.0 0.000184365781711 0.0 0.0 
0.000128031605516 0.000737463126844 0.0 0.0 
3.6580458719e-05 0.0 0.0 0.0 
5.48706880784e-05 0.0 0.0 0.0 
0.000493836192706 0.00147492625369 0.00129056047198 0.0392156862745 
9.14511467974e-05 0.0016592920354 0.0 0.0 
0.000164612064235 0.0 0.0 0.0 
0.0083037641292 0.0363200589971 0.0 0.0 
0.000146321834876 0.0 0.000737463126844 0.0 
0.00479204009218 0.0 0.0 0.0 
0.00305446830303 0.01401179941 0.0 0.0 
0.000201192522954 0.0 0.000368731563422 0.0 
0.00543219811976 0.0 0.0 0.0 
3.6580458719e-05 0.0 0.0 0.0 
0.0 0.0 0.0 0.0196078431373 
0.0 0.000368731563422 0.0 0.0 
1.82902293595e-05 0.0 0.0 0.0 
1.82902293595e-05 0.0 0.0 0.0 
0.000164612064235 0.000184365781711 0.0 0.0 
0.00109741376157 0.0 0.00884955752212 0.0 
9.14511467974e-05 0.0 0.0 0.0 
0.000109741376157 0.000368731563422 0.000368731563422 0.0 
0.000201192522954 0.0 0.0 0.0 
0.000896221238614 0.00424041297935 0.0 0.0 
1.82902293595e-05 0.0 0.000184365781711 0.0 
0.000274353440392 0.0 0.0 0.0 
1.82902293595e-05 0.0 0.0 0.0 
1.82902293595e-05 0.0 0.0 0.0 
0.0 0.000368731563422 0.0 0.0 
0.000676738486301 0.00516224188791 0.0 0.0 
0.00034751435783 0.0 0.0 0.0 
1.82902293595e-05 0.0 0.0 0.0 
0.000603577568863 0.00424041297935 0.0 0.0 
0.0 0.0 0.000184365781711 0.0 
0.00034751435783 0.0 0.0 0.0 
1.82902293595e-05 0.0 0.0 0.0 
3.6580458719e-05 0.0 0.0 0.0 
7.31609174379e-05 0.0 0.000184365781711 0.0 
3.6580458719e-05 0.0 0.000184365781711 0.0 
0.000146321834876 0.00110619469027 0.0 0.0 
0.0 0.0 0.000184365781711 0.0 
0.000201192522954 0.000737463126844 0.0 0.0 
0.00036580458719 0.0 0.0 0.0 
1.82902293595e-05 0.000184365781711 0.0 0.0 
0.0 0.0 0.000184365781711 0.0 
9.14511467974e-05 0.0 0.0 0.0 
1.82902293595e-05 0.0 0.0 0.0 
3.6580458719e-05 0.000184365781711 0.0 0.0 
0.0 0.0 0.000184365781711 0.0 
1.82902293595e-05 0.0 0.0 0.0 
7.31609174379e-05 0.0 0.0 0.0 
1.82902293595e-05 0.0 0.0 0.0 
0.000548706880784 0.000553097345133 0.0 0.0 
3.6580458719e-05 0.0 0.0 0.0 
0.0 0.000368731563422 0.0 0.0 
3.6580458719e-05 0.0 0.0 0.0 
5.48706880784e-05 0.0 0.0 0.0 
7.31609174379e-05 0.0 0.000184365781711 0.0 
1.82902293595e-05 0.0 0.0 0.0 
1.82902293595e-05 0.0 0.000184365781711 0.0 
1.82902293595e-05 0.0 0.0 0.0 
0.0 0.000184365781711 0.0 0.0 
1.82902293595e-05 0.0 0.0 0.0 
3.6580458719e-05 0.000368731563422 0.0 0.0 
5.48706880784e-05 0.000368731563422 0.0 0.0 
1.82902293595e-05 0.0 0.0 0.0 
1.82902293595e-05 0.0 0.0 0.0 
3.6580458719e-05 0.000553097345133 0.0 0.0 
0.0 0.000184365781711 0.0 0.0 
0.000146321834876 0.0016592920354 0.0 0.0 
0.000109741376157 0.0 0.0016592920354 0.0 
0.00109741376157 0.0 0.0 0.0 
0.000402385045908 0.00110619469027 0.000368731563422 0.0196078431373 
7.31609174379e-05 0.000737463126844 0.0 0.0 
3.6580458719e-05 0.0 0.000553097345133 0.0 
0.000237772981673 0.0 0.0 0.0 
7.31609174379e-05 0.000184365781711 0.0 0.0 
1.82902293595e-05 0.000184365781711 0.0 0.0 
0.000310933899111 0.0 0.0 0.0 
1.82902293595e-05 0.0 0.0 0.0 
0.0 0.000184365781711 0.0 0.0 
3.6580458719e-05 0.0 0.0 0.0 
1.82902293595e-05 0.0 0.000184365781711 0.0 
1.82902293595e-05 0.0 0.0 0.0 
0.0 0.0 0.000184365781711 0.0 
0.000164612064235 0.00184365781711 0.0 0.0 
1.82902293595e-05 0.0 0.0 0.0 
0.00124373559644 0.0105088495575 0.0 0.0 
0.0 0.0 0.000184365781711 0.0 
0.00142663789004 0.0 0.0 0.0 
0.0 0.0 0.0 0.0196078431373 
0.000384094816549 0.000553097345133 0.0 0.0 
0.000201192522954 0.0 0.0 0.0 
5.48706880784e-05 0.0 0.0 0.0 
5.48706880784e-05 0.0 0.000368731563422 0.0 
0.00122544536708 0.0 0.0 0.0 
0.000640158027582 0.0 0.0 0.0 
0.000128031605516 0.0 0.0 0.0 
3.6580458719e-05 0.0 0.0 0.0 
1.82902293595e-05 0.0 0.0 0.0 
1.82902293595e-05 0.0 0.0 0.0 
5.48706880784e-05 0.0 0.0 0.0 
0.000164612064235 0.0 0.0 0.0 
0.000146321834876 0.0 0.0 0.0 
0.000804770091817 0.000184365781711 0.0 0.0 
0.00548706880784 0.0385324483776 0.000184365781711 0.0 
0.000566997110144 0.0 0.0 0.0 
0.00111570399093 0.00626843657817 0.0 0.0 
0.000219482752314 0.0 0.0 0.0 
0.000987672385412 0.00110619469027 0.0 0.0 
1.82902293595e-05 0.0 0.0 0.0 
7.31609174379e-05 0.0016592920354 0.0 0.0 
3.6580458719e-05 0.0 0.0 0.0 
1.82902293595e-05 0.000184365781711 0.0 0.0 
3.6580458719e-05 0.000184365781711 0.0 0.0 
0.0 0.000184365781711 0.0 0.0 
3.6580458719e-05 0.0 0.0 0.0 
1.82902293595e-05 0.0 0.0 0.0 
1.82902293595e-05 0.0 0.0 0.0 
0.0 0.0 0.000184365781711 0.0 
0.000109741376157 0.0 0.0 0.0 
5.48706880784e-05 0.000737463126844 0.0 0.0 
5.48706880784e-05 0.000553097345133 0.0 0.0 
5.48706880784e-05 0.0 0.0 0.0 
1.82902293595e-05 0.0 0.0 0.0 
1.82902293595e-05 0.0 0.0 0.0 
3.6580458719e-05 0.0 0.0 0.0 
1.82902293595e-05 0.0 0.0 0.0 
0.000146321834876 0.0 0.0 0.0 
0.000201192522954 0.0 0.0 0.0 
0.000402385045908 0.0 0.0 0.0 
9.14511467974e-05 0.0 0.0 0.0 
0.000329224128471 0.00534660766962 0.0 0.0 
0.00115228444965 0.0 0.00147492625369 0.0 
0.0012620258258 0.0 0.0 0.0 
1.82902293595e-05 0.0 0.0 0.0196078431373 
0.000603577568863 0.00368731563422 0.0 0.0196078431373 
0.000201192522954 0.0 0.0 0.0 
0.000164612064235 0.0 0.000368731563422 0.0 
1.82902293595e-05 0.000184365781711 0.0 0.0 
0.000128031605516 0.000553097345133 0.0 0.0 
1.82902293595e-05 0.0 0.0 0.0 
1.82902293595e-05 0.0 0.0 0.0 
0.000128031605516 0.0 0.0 0.0 
9.14511467974e-05 0.0 0.0 0.0 
0.000969382156052 0.00258112094395 0.000184365781711 0.0 
0.00182902293595 0.0 0.00110619469027 0.0 
0.0120898416066 0.0 0.0 0.0 
0.00305446830303 0.0173303834808 0.0 0.0 
0.000512126422065 0.0 0.00239675516224 0.0 
0.00581629293631 0.0 0.0 0.0 
5.48706880784e-05 0.000184365781711 0.0 0.0 
3.6580458719e-05 0.000368731563422 0.0 0.0 
5.48706880784e-05 0.0 0.0 0.0 
3.6580458719e-05 0.0 0.0 0.0 
0.0 0.0 0.000184365781711 0.0 
0.0 0.0 0.000184365781711 0.0 
0.000128031605516 0.0 0.00221238938053 0.0 
0.000146321834876 0.0 0.00129056047198 0.0 
0.00181073270659 0.0129056047198 0.0 0.0 
5.48706880784e-05 0.0 0.000368731563422 0.0 
0.000310933899111 0.0 0.0 0.0 
1.82902293595e-05 0.0 0.0 0.0 
7.31609174379e-05 0.0 0.0 0.0 
0.000237772981673 0.0 0.000368731563422 0.0 
0.0 0.0 0.000184365781711 0.0 
0.00036580458719 0.00110619469027 0.0 0.0 
0.0054139078904 0.0 0.0154867256637 0.0 
0.00252405165161 0.0 0.0 0.0 
1.82902293595e-05 0.0 0.0 0.0 
5.48706880784e-05 0.0 0.0 0.0 
1.82902293595e-05 0.0 0.0 0.0 
3.6580458719e-05 0.0 0.0 0.0 
1.82902293595e-05 0.0 0.0 0.0 
1.82902293595e-05 0.0 0.0 0.0 
3.6580458719e-05 0.0 0.000368731563422 0.0 
1.82902293595e-05 0.0 0.0 0.0 
0.000109741376157 0.0 0.000184365781711 0.0 
1.82902293595e-05 0.0 0.0 0.0 
0.000768189633098 0.0 0.0 0.0 
1.82902293595e-05 0.0 0.0 0.0 
1.82902293595e-05 0.0 0.0 0.0 
0.000219482752314 0.0 0.0 0.0 
9.14511467974e-05 0.0 0.0 0.0 
1.82902293595e-05 0.0 0.0 0.0 
1.82902293595e-05 0.0 0.0 0.0 
1.82902293595e-05 0.0 0.0 0.0 
9.14511467974e-05 0.0 0.000184365781711 0.0 
5.48706880784e-05 0.0 0.0 0.0 
1.82902293595e-05 0.0 0.0 0.0 
0.000128031605516 0.0 0.0 0.0 
0.000182902293595 0.0 0.0 0.0 
0.000219482752314 0.000184365781711 0.0 0.0 
9.14511467974e-05 0.0 0.0 0.0 
1.82902293595e-05 0.0 0.0 0.0 
5.48706880784e-05 0.0 0.0 0.0 
0.000109741376157 0.0 0.0 0.0 
1.82902293595e-05 0.0 0.0 0.0 
1.82902293595e-05 0.0 0.0 0.0 
9.14511467974e-05 0.0 0.0 0.0 
1.82902293595e-05 0.0 0.0 0.0 
3.6580458719e-05 0.0 0.0 0.0 
1.82902293595e-05 0.0 0.0 0.0 
3.6580458719e-05 0.0 0.0 0.0 
0.000201192522954 0.0 0.0 0.0 
7.31609174379e-05 0.0 0.0 0.0 
0.000859640779895 0.000921828908555 0.0 0.0 
0.00159124995427 0.0 0.0 0.0 
0.0 0.000184365781711 0.0 0.0 
3.6580458719e-05 0.000737463126844 0.0 0.0 
0.000128031605516 0.0 0.000184365781711 0.0 
0.000548706880784 0.0 0.0 0.0 
1.82902293595e-05 0.0 0.0 0.0 
0.000109741376157 0.0 0.0 0.0 
0.0 0.0 0.000184365781711 0.0 
1.82902293595e-05 0.0 0.000368731563422 0.0 
5.48706880784e-05 0.0 0.000184365781711 0.0 
1.82902293595e-05 0.0 0.0 0.0 
0.00104254307349 0.00516224188791 0.0 0.0 
1.82902293595e-05 0.0 0.0 0.0 
5.48706880784e-05 0.0 0.0 0.0 
0.000182902293595 0.0 0.0 0.0 
9.14511467974e-05 0.0 0.0 0.0 
0.000493836192706 0.0 0.0 0.0 
7.31609174379e-05 0.0 0.0 0.0 
0.000219482752314 0.0 0.0 0.0 
1.82902293595e-05 0.0 0.0 0.0 
3.6580458719e-05 0.0 0.0 0.0 
0.0 0.0 0.000737463126844 0.0 
0.000146321834876 0.0 0.0 0.0 
0.000384094816549 0.000921828908555 0.0 0.0 
0.00142663789004 0.0 0.00553097345133 0.0 
0.00826718367048 0.0 0.0 0.0 
3.6580458719e-05 0.0 0.0 0.0 
0.000749899403739 0.0 0.000553097345133 0.0 
0.000786479862457 0.0 0.0 0.0 
0.000146321834876 0.0 0.000184365781711 0.0 
0.0 0.0 0.000184365781711 0.0 
7.31609174379e-05 0.0 0.0 0.0 
1.82902293595e-05 0.0 0.0 0.0 
0.00195705454146 0.0 0.0 0.0 
1.82902293595e-05 0.0 0.0 0.0 
1.82902293595e-05 0.0 0.0 0.0 
3.6580458719e-05 0.0 0.0 0.0 
1.82902293595e-05 0.0 0.0 0.0 
3.6580458719e-05 0.0 0.0 0.0 
1.82902293595e-05 0.0 0.0 0.0 
1.82902293595e-05 0.0 0.0 0.0 
3.6580458719e-05 0.0 0.000368731563422 0.0 
3.6580458719e-05 0.0 0.0 0.0 
5.48706880784e-05 0.0 0.0 0.0 
1.82902293595e-05 0.0 0.0 0.0 
3.6580458719e-05 0.0 0.0 0.0 
1.82902293595e-05 0.0 0.0 0.0 
0.000237772981673 0.000184365781711 0.0 0.0 
3.6580458719e-05 0.0 0.0 0.0 
0.000530416651425 0.0 0.0 0.0 
0.000109741376157 0.0 0.0 0.0 
1.82902293595e-05 0.0 0.0 0.0 
1.82902293595e-05 0.0 0.0 0.0 
1.82902293595e-05 0.0 0.0 0.0 
1.82902293595e-05 0.0 0.0 0.0 
0.00071331894502 0.0 0.000553097345133 0.0 
0.000658448256941 0.0 0.0 0.0 
1.82902293595e-05 0.0 0.0 0.0 
1.82902293595e-05 0.0 0.0 0.0 
3.6580458719e-05 0.0 0.000184365781711 0.0 
0.000566997110144 0.0 0.00221238938053 0.0 
5.48706880784e-05 0.0 0.0 0.0 
7.31609174379e-05 0.0 0.0 0.0 
0.000128031605516 0.0 0.0 0.0 
0.000896221238614 0.0 0.0 0.0 
1.82902293595e-05 0.0 0.0 0.0 
1.82902293595e-05 0.0 0.0 0.0 
0.000146321834876 0.0 0.000368731563422 0.0 
3.6580458719e-05 0.0 0.0 0.0 
1.82902293595e-05 0.0 0.0 0.0 
7.31609174379e-05 0.0 0.000368731563422 0.0 
0.00034751435783 0.0 0.0 0.0 
1.82902293595e-05 0.0 0.0 0.0 
0.000274353440392 0.0 0.0 0.0 
5.48706880784e-05 0.0 0.0 0.0 
0.000128031605516 0.0 0.000368731563422 0.0 
1.82902293595e-05 0.0 0.0 0.0 
1.82902293595e-05 0.0 0.0 0.0 
1.82902293595e-05 0.0 0.0 0.0 
3.6580458719e-05 0.0 0.0 0.0 
0.000146321834876 0.0 0.0 0.0 
3.6580458719e-05 0.0 0.000368731563422 0.0 
1.82902293595e-05 0.0 0.0 0.0 
0.00036580458719 0.0 0.0 0.0 
3.6580458719e-05 0.0 0.0 0.0 
1.82902293595e-05 0.0 0.000184365781711 0.0 
1.82902293595e-05 0.0 0.0 0.0 
1.82902293595e-05 0.0 0.0 0.0 
3.6580458719e-05 0.0 0.0 0.0 
5.48706880784e-05 0.0 0.0 0.0 
0.00151808903684 0.00313421828909 0.0 0.0 
0.000420675275268 0.0 0.000184365781711 0.0 
0.00102425284413 0.0 0.0 0.0 
0.0 0.000184365781711 0.0 0.0 
0.000146321834876 0.0 0.0 0.0 
0.00160954018363 0.0 0.0 0.0 
0.000128031605516 0.0 0.0 0.0 
0.0 0.0 0.000184365781711 0.0 
1.82902293595e-05 0.0 0.0 0.0 
1.82902293595e-05 0.0 0.0 0.0 
0.000146321834876 0.000184365781711 0.0 0.0 
0.000182902293595 0.0 0.0 0.0 
7.31609174379e-05 0.0 0.0 0.0 
1.82902293595e-05 0.0 0.0 0.0 
1.82902293595e-05 0.0 0.0 0.0 
3.6580458719e-05 0.0 0.0 0.0 
1.82902293595e-05 0.0 0.0 0.0 
5.48706880784e-05 0.0 0.0 0.0 
0.0 0.0 0.000184365781711 0.0 
1.82902293595e-05 0.0 0.0 0.0 
1.82902293595e-05 0.0 0.0 0.0 
3.6580458719e-05 0.0 0.0 0.0 
0.000256063211033 0.0 0.0 0.0 
1.82902293595e-05 0.0 0.0 0.0 
0.000310933899111 0.0 0.00184365781711 0.0 
0.000109741376157 0.0 0.0 0.0 
0.000329224128471 0.0 0.0 0.0 
7.31609174379e-05 0.0 0.0 0.0 
5.48706880784e-05 0.0 0.0 0.0 
3.6580458719e-05 0.0 0.0 0.0 
9.14511467974e-05 0.0 0.0 0.0 
1.82902293595e-05 0.0 0.0 0.0 
1.82902293595e-05 0.0 0.000184365781711 0.0 
5.48706880784e-05 0.0 0.0 0.0 
0.000109741376157 0.0 0.0 0.0 
0.000237772981673 0.0 0.0 0.0 
0.000182902293595 0.0 0.0 0.0 
1.82902293595e-05 0.0 0.0 0.0 
0.000128031605516 0.0 0.0 0.0196078431373 
0.000457255733987 0.0 0.0 0.0 
1.82902293595e-05 0.0 0.0 0.0 
1.82902293595e-05 0.0 0.0 0.0 
1.82902293595e-05 0.0 0.0 0.0 
0.000146321834876 0.0 0.0 0.0 
1.82902293595e-05 0.0 0.0 0.0 
1.82902293595e-05 0.0 0.000184365781711 0.0 
3.6580458719e-05 0.0 0.0 0.0 
0.000402385045908 0.0 0.0 0.0 
3.6580458719e-05 0.0 0.0 0.0 
0.000585287339503 0.0 0.0 0.0 
1.82902293595e-05 0.0 0.0 0.0 
0.000457255733987 0.0 0.00129056047198 0.0 
0.00034751435783 0.000184365781711 0.0 0.0 
7.31609174379e-05 0.0 0.0 0.0 
0.000201192522954 0.0 0.0 0.0 
0.000109741376157 0.0 0.0 0.0 
7.31609174379e-05 0.0 0.0 0.0 
9.14511467974e-05 0.0 0.0 0.0 
1.82902293595e-05 0.0 0.0 0.0 
3.6580458719e-05 0.0 0.0 0.0 
0.000823060321176 0.0 0.000553097345133 0.0 
0.00036580458719 0.0 0.0 0.0 
5.48706880784e-05 0.0 0.000368731563422 0.0 
7.31609174379e-05 0.0 0.0 0.0 
0.000823060321176 0.0016592920354 0.0 0.0 
0.00429820389948 0.0 0.189343657817 0.0196078431373 
0.00987672385412 0.0 0.0 0.0 
0.00146321834876 0.000368731563422 0.0 0.0 
0.000201192522954 0.0 0.000553097345133 0.0 
7.31609174379e-05 0.0 0.0 0.0 
0.00115228444965 0.0 0.0 0.0 
0.000438965504627 0.0 0.0 0.0 
9.14511467974e-05 0.0 0.0 0.0 
1.82902293595e-05 0.0 0.0 0.0 
1.82902293595e-05 0.0 0.0 0.0 
1.82902293595e-05 0.0 0.0 0.0 
1.82902293595e-05 0.0 0.000184365781711 0.0 
5.48706880784e-05 0.0 0.0 0.0 
7.31609174379e-05 0.0 0.0 0.0 
3.6580458719e-05 0.0 0.0 0.0 
1.82902293595e-05 0.0 0.0 0.0 
0.000164612064235 0.0 0.000368731563422 0.0 
0.00382265793613 0.0 0.0 0.0 
3.6580458719e-05 0.000184365781711 0.0 0.0 
0.0 0.0 0.000184365781711 0.0 
0.00235943958737 0.0 0.0 0.0 
0.000109741376157 0.0 0.0 0.0 
0.000237772981673 0.0 0.0 0.0 
7.31609174379e-05 0.0 0.0 0.0 
5.48706880784e-05 0.0 0.0 0.0 
0.00715147967956 0.0127212389381 0.0 0.0 
0.000256063211033 0.0 0.000368731563422 0.0 
0.00312762922047 0.0 0.0 0.0 
0.00175586201851 0.0033185840708 0.0 0.0 
5.48706880784e-05 0.0 0.000184365781711 0.0 
0.00210337637634 0.0 0.0 0.0 
1.82902293595e-05 0.0 0.000737463126844 0.0 
1.82902293595e-05 0.0 0.0 0.0 
0.000109741376157 0.000184365781711 0.0 0.0 
0.0 0.0 0.000184365781711 0.0 
3.6580458719e-05 0.0 0.0 0.0 
0.0 0.0 0.000184365781711 0.0 
9.14511467974e-05 0.000553097345133 0.0 0.0 
0.000219482752314 0.0 0.0 0.0 
0.0 0.0 0.000184365781711 0.0 
7.31609174379e-05 0.0 0.0 0.0 
0.00497494238578 0.00774336283186 0.0 0.0 
0.000768189633098 0.0 0.0033185840708 0.0 
0.000914511467974 0.0 0.0 0.0 
9.14511467974e-05 0.0 0.000184365781711 0.0 
0.000146321834876 0.0 0.0 0.0 
1.82902293595e-05 0.0 0.0 0.0 
0.000164612064235 0.000184365781711 0.0 0.0 
0.000164612064235 0.0 0.0 0.0 
0.00036580458719 0.000184365781711 0.0 0.0 
0.000237772981673 0.0 0.000368731563422 0.0 
0.000164612064235 0.0 0.0 0.0 
1.82902293595e-05 0.0 0.0 0.0 
0.0 0.0 0.000184365781711 0.0 
1.82902293595e-05 0.0 0.0 0.0 
0.000329224128471 0.0 0.0 0.0 
3.6580458719e-05 0.0 0.0 0.0 
5.48706880784e-05 0.0 0.0 0.0 
9.14511467974e-05 0.0 0.0 0.0 
1.82902293595e-05 0.0 0.0 0.0 
0.0 0.000184365781711 0.0 0.0 
0.000109741376157 0.0 0.0 0.0 
0.000256063211033 0.00258112094395 0.0 0.0 
0.000146321834876 0.0 0.000184365781711 0.0 
0.000475545963346 0.0 0.0 0.0 
0.00208508614698 0.0016592920354 0.0 0.0 
1.82902293595e-05 0.0 0.0 0.0 
0.00534074697297 0.0 0.0 0.0 
3.6580458719e-05 0.000184365781711 0.0 0.0 
3.6580458719e-05 0.0 0.0 0.0 
0.0 0.0 0.000184365781711 0.0 
1.82902293595e-05 0.000184365781711 0.0 0.0 
9.14511467974e-05 0.000553097345133 0.0 0.0 
0.000914511467974 0.0 0.000921828908555 0.0 
0.00111570399093 0.0 0.0 0.0 
1.82902293595e-05 0.0 0.0 0.0 
0.000128031605516 0.00202802359882 0.0 0.0 
5.48706880784e-05 0.0 0.0 0.0 
7.31609174379e-05 0.0 0.0 0.0 
0.000475545963346 0.0 0.0 0.0 
1.82902293595e-05 0.0 0.0 0.0 
0.000475545963346 0.000921828908555 0.0 0.0 
1.82902293595e-05 0.0 0.000184365781711 0.0 
0.000128031605516 0.0 0.0 0.0 
3.6580458719e-05 0.000368731563422 0.0 0.0 
0.000256063211033 0.0 0.0 0.0 
0.0 0.0 0.000184365781711 0.0 
3.6580458719e-05 0.0 0.0 0.0 
0.0 0.000184365781711 0.0 0.0 
0.000420675275268 0.0 0.0 0.0 
1.82902293595e-05 0.0 0.0 0.0 
7.31609174379e-05 0.0 0.0 0.0 
1.82902293595e-05 0.0 0.0 0.0 
3.6580458719e-05 0.000368731563422 0.0 0.0 
3.6580458719e-05 0.0 0.0 0.0 
1.82902293595e-05 0.0 0.0 0.0 
3.6580458719e-05 0.0 0.0 0.0 
0.000182902293595 0.0 0.0 0.0 
0.0 0.000184365781711 0.0 0.0 
1.82902293595e-05 0.0 0.0 0.0 
1.82902293595e-05 0.0 0.0 0.0 
3.6580458719e-05 0.0 0.0 0.0 
0.000219482752314 0.000737463126844 0.0 0.0 
1.82902293595e-05 0.0 0.0 0.0 
0.0 0.000184365781711 0.0 0.0 
0.000164612064235 0.00350294985251 0.0 0.0 
3.6580458719e-05 0.0 0.0 0.0 
0.000219482752314 0.0 0.0 0.0 
0.000493836192706 0.0 0.0 0.0 
9.14511467974e-05 0.0 0.0 0.0 
0.000219482752314 0.0 0.0 0.0 
3.6580458719e-05 0.0 0.0 0.0 
1.82902293595e-05 0.0 0.0 0.0 
1.82902293595e-05 0.0 0.0 0.0 
1.82902293595e-05 0.0 0.0 0.0 
0.000969382156052 0.0033185840708 0.0 0.0 
0.000530416651425 0.0 0.00589970501475 0.0 
0.00252405165161 0.0 0.0 0.0 
0.000128031605516 0.000368731563422 0.0 0.0 
0.000384094816549 0.0016592920354 0.0 0.0 
0.000164612064235 0.0 0.000368731563422 0.0 
0.000164612064235 0.0 0.0 0.0 
9.14511467974e-05 0.000368731563422 0.0 0.0 
0.00201192522954 0.0 0.000921828908555 0.0 
1.82902293595e-05 0.0 0.0 0.0 
0.000164612064235 0.000921828908555 0.0 0.0 
0.00102425284413 0.0 0.0 0.0 
3.6580458719e-05 0.0 0.000368731563422 0.0 
0.000128031605516 0.0 0.000184365781711 0.0 
3.6580458719e-05 0.0 0.0 0.0 
3.6580458719e-05 0.0 0.0 0.0 
1.82902293595e-05 0.0 0.0 0.0 
5.48706880784e-05 0.0 0.0 0.0 
0.000182902293595 0.0 0.0 0.0 
1.82902293595e-05 0.0 0.0 0.0 
3.6580458719e-05 0.0 0.0 0.0 
1.82902293595e-05 0.0 0.0 0.0 
1.82902293595e-05 0.0 0.0 0.0 
0.000201192522954 0.0 0.0 0.0 
9.14511467974e-05 0.0 0.0 0.0 
1.82902293595e-05 0.0 0.0 0.0 
1.82902293595e-05 0.0 0.0 0.0 
3.6580458719e-05 0.0 0.0 0.0 
1.82902293595e-05 0.000184365781711 0.0 0.0 
1.82902293595e-05 0.0 0.0 0.0 
1.82902293595e-05 0.0 0.0 0.0 
1.82902293595e-05 0.0 0.0 0.0 
3.6580458719e-05 0.0 0.0 0.0 
0.0 0.000368731563422 0.0 0.0 
5.48706880784e-05 0.0 0.0 0.0 
5.48706880784e-05 0.0 0.0 0.0 
1.82902293595e-05 0.0 0.0 0.0 
1.82902293595e-05 0.0 0.0 0.0 
3.6580458719e-05 0.0 0.0 0.0 
0.000420675275268 0.00147492625369 0.0 0.0 
7.31609174379e-05 0.0 0.0 0.0 
1.82902293595e-05 0.0 0.0 0.0 
1.82902293595e-05 0.000184365781711 0.0 0.0 
0.000219482752314 0.00110619469027 0.0 0.0 
0.000310933899111 0.0 0.0 0.0 
0.0 0.0 0.000184365781711 0.0 
0.000402385045908 0.0 0.0 0.0 
1.82902293595e-05 0.0 0.0 0.0 
1.82902293595e-05 0.0 0.0 0.0 
3.6580458719e-05 0.0 0.0 0.0 
7.31609174379e-05 0.0 0.000184365781711 0.0 
3.6580458719e-05 0.0 0.0 0.0 
1.82902293595e-05 0.0 0.0 0.0 
9.14511467974e-05 0.0 0.000184365781711 0.0 
1.82902293595e-05 0.0 0.0 0.0 
1.82902293595e-05 0.0 0.0 0.0 
3.6580458719e-05 0.0 0.0 0.0 
1.82902293595e-05 0.0 0.0 0.0 
0.000274353440392 0.0 0.000184365781711 0.0 
1.82902293595e-05 0.0 0.0 0.0 
1.82902293595e-05 0.0 0.000184365781711 0.0 
1.82902293595e-05 0.0 0.0 0.0 
5.48706880784e-05 0.0 0.000184365781711 0.0 
0.0146321834876 0.0 0.0 0.0 
0.000109741376157 0.0 0.000184365781711 0.0 
0.000146321834876 0.0 0.0 0.0 
1.82902293595e-05 0.0 0.0 0.0 
0.000438965504627 0.0 0.0 0.0 
0.0 0.0 0.000368731563422 0.0 
0.00148150857812 0.0 0.0 0.0 
0.0 0.0 0.000368731563422 0.0 
1.82902293595e-05 0.0 0.0 0.0 
1.82902293595e-05 0.0 0.0 0.0 
0.000109741376157 0.0 0.00276548672566 0.0 
0.000384094816549 0.0 0.0 0.0 
0.000219482752314 0.0 0.000921828908555 0.0 
0.000493836192706 0.0 0.0 0.0 
0.000585287339503 0.00553097345133 0.0 0.0 
0.00036580458719 0.0 0.0 0.0 
0.000109741376157 0.0 0.0 0.0 
0.000603577568863 0.0 0.0 0.0 
0.000146321834876 0.0 0.0 0.0 
1.82902293595e-05 0.0 0.000368731563422 0.0 
1.82902293595e-05 0.0 0.0 0.0 
1.82902293595e-05 0.0 0.0 0.0 
7.31609174379e-05 0.0 0.0 0.0 
0.000237772981673 0.0 0.0 0.0 
1.82902293595e-05 0.0 0.0 0.0 
1.82902293595e-05 0.0 0.0 0.0 
3.6580458719e-05 0.0 0.0 0.0 
1.82902293595e-05 0.0 0.0 0.0 
0.0 0.0 0.000184365781711 0.0 
5.48706880784e-05 0.0 0.0 0.0 
0.0 0.000184365781711 0.0 0.0 
1.82902293595e-05 0.0 0.0 0.0 
1.82902293595e-05 0.0 0.0 0.0 
1.82902293595e-05 0.0 0.0 0.0 
9.14511467974e-05 0.0 0.000737463126844 0.0 
0.00349343380766 0.0 0.0 0.0 
0.000402385045908 0.0 0.0 0.0 
0.000164612064235 0.0 0.00239675516224 0.0 
5.48706880784e-05 0.0 0.0 0.0 
1.82902293595e-05 0.0 0.0 0.0 
0.0 0.000184365781711 0.0 0.0 
0.000109741376157 0.0 0.0 0.0 
1.82902293595e-05 0.0 0.0 0.0 
3.6580458719e-05 0.000184365781711 0.0 0.0 
1.82902293595e-05 0.0 0.0 0.0 
1.82902293595e-05 0.0 0.0 0.0 
5.48706880784e-05 0.0 0.0 0.0 
1.82902293595e-05 0.0 0.0 0.0 
3.6580458719e-05 0.0 0.0 0.0 
1.82902293595e-05 0.0 0.0 0.0 
0.000329224128471 0.000184365781711 0.0 0.0 
0.000182902293595 0.0 0.0 0.0 
1.82902293595e-05 0.0 0.0 0.0 
3.6580458719e-05 0.0 0.0 0.0 
1.82902293595e-05 0.0 0.0 0.0 
5.48706880784e-05 0.0 0.0 0.0 
0.0 0.000184365781711 0.0 0.0 
1.82902293595e-05 0.0 0.0 0.0 
1.82902293595e-05 0.0 0.000184365781711 0.0 
1.82902293595e-05 0.0 0.0 0.0 
1.82902293595e-05 0.0 0.0 0.0 
3.6580458719e-05 0.0 0.000184365781711 0.0 
0.000164612064235 0.0 0.000184365781711 0.0 
0.0014449281194 0.0 0.0 0.0 
0.000621867798222 0.00350294985251 0.0 0.0 
0.000731609174379 0.0 0.000184365781711 0.0 
0.00466400848667 0.0 0.0 0.0 
0.0 0.000184365781711 0.0 0.0 
1.82902293595e-05 0.0 0.0 0.0 
0.000420675275268 0.000921828908555 0.0 0.0 
0.000310933899111 0.0 0.0 0.0 
0.000219482752314 0.00147492625369 0.0 0.0 
1.82902293595e-05 0.0 0.0 0.0 
0.000219482752314 0.00147492625369 0.0 0.0 
0.000128031605516 0.0 0.0 0.0 
1.82902293595e-05 0.0 0.0 0.0 
0.000146321834876 0.000184365781711 0.0 0.0 
1.82902293595e-05 0.0 0.0 0.0 
0.0 0.000184365781711 0.0 0.0 
1.82902293595e-05 0.0 0.0 0.0 
3.6580458719e-05 0.0 0.0 0.0 
0.00160954018363 0.0 0.0 0.0 
5.48706880784e-05 0.000368731563422 0.0 0.0 
3.6580458719e-05 0.0 0.0 0.0 
9.14511467974e-05 0.0 0.0 0.0 
0.0 0.0 0.000184365781711 0.0 
1.82902293595e-05 0.0 0.0 0.0 
1.82902293595e-05 0.0 0.0 0.0 
5.48706880784e-05 0.0 0.0 0.0 
0.000823060321176 0.0 0.0016592920354 0.0 
7.31609174379e-05 0.0 0.000184365781711 0.0 
1.82902293595e-05 0.0 0.0 0.0 
0.000292643669752 0.0 0.000553097345133 0.0 
3.6580458719e-05 0.000184365781711 0.0 0.0 
7.31609174379e-05 0.0 0.0 0.0 
1.82902293595e-05 0.000368731563422 0.000184365781711 0.0196078431373 
1.82902293595e-05 0.000184365781711 0.0 0.0 
7.31609174379e-05 0.0 0.0 0.0 
1.82902293595e-05 0.0 0.0 0.0 
5.48706880784e-05 0.0 0.0 0.0 
0.0 0.0 0.000184365781711 0.0 
7.31609174379e-05 0.0 0.0 0.0 
9.14511467974e-05 0.0 0.0 0.0 
1.82902293595e-05 0.0 0.0 0.0 
0.000274353440392 0.0 0.0 0.0 
0.000310933899111 0.0 0.0 0.0 
1.82902293595e-05 0.0 0.0 0.0 
1.82902293595e-05 0.0 0.0 0.0 
3.6580458719e-05 0.0 0.0 0.0 
1.82902293595e-05 0.0 0.000184365781711 0.0 
0.000164612064235 0.0 0.0 0.0 
1.82902293595e-05 0.0 0.0 0.0 
3.6580458719e-05 0.0 0.0 0.0 
3.6580458719e-05 0.0 0.0 0.0 
0.0 0.000184365781711 0.0 0.0 
1.82902293595e-05 0.0 0.0 0.0 
1.82902293595e-05 0.0 0.0 0.0 
5.48706880784e-05 0.0 0.000184365781711 0.0 
0.000219482752314 0.0 0.0 0.0 
0.000146321834876 0.0 0.0 0.0 
0.000310933899111 0.0 0.000184365781711 0.0 
7.31609174379e-05 0.0 0.0 0.0 
1.82902293595e-05 0.0 0.0 0.0 
1.82902293595e-05 0.0 0.0 0.0 
1.82902293595e-05 0.0 0.0 0.0 
3.6580458719e-05 0.0 0.0 0.0 
1.82902293595e-05 0.0 0.0 0.0 
0.00109741376157 0.0 0.000184365781711 0.0 
0.000109741376157 0.0 0.0 0.0 
5.48706880784e-05 0.0 0.0 0.0 
1.82902293595e-05 0.0 0.0 0.0 
1.82902293595e-05 0.0 0.0 0.0 
0.000292643669752 0.0 0.0 0.0 
1.82902293595e-05 0.0 0.0 0.0 
1.82902293595e-05 0.0 0.0 0.0 
1.82902293595e-05 0.0 0.0 0.0 
3.6580458719e-05 0.0 0.0 0.0 
1.82902293595e-05 0.0 0.0 0.0 
1.82902293595e-05 0.0 0.0 0.0 
1.82902293595e-05 0.0 0.0 0.0 
1.82902293595e-05 0.0 0.0 0.0 
1.82902293595e-05 0.0 0.0 0.0 
0.000182902293595 0.0 0.000553097345133 0.0 
0.000640158027582 0.0 0.0 0.0 
1.82902293595e-05 0.0 0.000184365781711 0.0 
1.82902293595e-05 0.0 0.0 0.0 
0.00254234188097 0.0215707964602 0.0 0.0 
0.00407872114716 0.0 0.00424041297935 0.0 
0.00440794527563 0.0 0.0 0.0 
0.000384094816549 0.00387168141593 0.0 0.0 
0.000237772981673 0.0 0.000368731563422 0.0 
0.00170099133043 0.0 0.0 0.0 
1.82902293595e-05 0.0 0.0 0.0 
0.000164612064235 0.0 0.0 0.0 
0.000109741376157 0.0 0.0 0.0 
5.48706880784e-05 0.000368731563422 0.0 0.0 
0.00109741376157 0.0 0.00276548672566 0.0 
0.000676738486301 0.0 0.0 0.0 
0.00232285912865 0.0105088495575 0.0 0.0 
0.000128031605516 0.0 0.0 0.0 
0.000804770091817 0.000737463126844 0.0 0.0 
0.000292643669752 0.0 0.0033185840708 0.0 
0.000128031605516 0.0 0.0 0.0 
1.82902293595e-05 0.0 0.0 0.0 
0.000859640779895 0.0 0.0 0.0 
1.82902293595e-05 0.0 0.0 0.0 
1.82902293595e-05 0.0 0.0 0.0 
1.82902293595e-05 0.0 0.0 0.0 
1.82902293595e-05 0.0 0.0 0.0 
7.31609174379e-05 0.0 0.0 0.0 
3.6580458719e-05 0.0 0.0 0.0 
0.000292643669752 0.00239675516224 0.0 0.0 
0.0014449281194 0.0 0.00239675516224 0.0 
0.00186560339467 0.0 0.0 0.0 
0.00208508614698 0.0068215339233 0.0 0.0 
0.000256063211033 0.0 0.000184365781711 0.0 
0.00036580458719 0.0 0.0 0.0 
1.82902293595e-05 0.0 0.0 0.0 
3.6580458719e-05 0.0 0.0 0.0 
1.82902293595e-05 0.0 0.0 0.0 
3.6580458719e-05 0.0 0.0 0.0 
1.82902293595e-05 0.0 0.0 0.0 
1.82902293595e-05 0.0 0.0 0.0 
1.82902293595e-05 0.0 0.0 0.0 
1.82902293595e-05 0.0 0.0 0.0 
0.000987672385412 0.0 0.0 0.0 
1.82902293595e-05 0.0 0.0 0.0 
1.82902293595e-05 0.0 0.0 0.0 
3.6580458719e-05 0.0 0.0 0.0 
0.000201192522954 0.0 0.0 0.0 
3.6580458719e-05 0.0 0.000737463126844 0.0 
5.48706880784e-05 0.0 0.0 0.0 
3.6580458719e-05 0.0 0.0 0.0 
0.000438965504627 0.00276548672566 0.0 0.0 
1.82902293595e-05 0.0 0.000184365781711 0.0 
9.14511467974e-05 0.0 0.0 0.0 
0.000109741376157 0.000737463126844 0.0 0.0 
0.00245089073417 0.000184365781711 0.0191740412979 0.0 
0.000384094816549 0.0 0.0 0.0 
7.31609174379e-05 0.0 0.0 0.0 
0.000512126422065 0.0 0.0 0.0 
3.6580458719e-05 0.000737463126844 0.0 0.0 
0.000128031605516 0.0 0.0 0.0 
0.000109741376157 0.0 0.0 0.0 
0.000493836192706 0.0 0.0 0.0 
0.0 0.000184365781711 0.0 0.0 
1.82902293595e-05 0.0 0.0 0.0 
0.000164612064235 0.0 0.0 0.0 
0.000146321834876 0.0 0.0 0.0 
0.000621867798222 0.0 0.00147492625369 0.0 
9.14511467974e-05 0.0 0.0 0.0 
0.0 0.000184365781711 0.0 0.0 
0.00182902293595 0.0 0.00460914454277 0.0 
0.000786479862457 0.0 0.0 0.0 
1.82902293595e-05 0.0 0.0 0.0 
1.82902293595e-05 0.0 0.0 0.0 
7.31609174379e-05 0.0 0.000184365781711 0.0 
1.82902293595e-05 0.0 0.0 0.0 
1.82902293595e-05 0.0 0.0 0.0 
7.31609174379e-05 0.0 0.0 0.0 
9.14511467974e-05 0.0 0.0 0.0 
0.000274353440392 0.0 0.0 0.0 
0.00102425284413 0.0 0.0 0.0 
7.31609174379e-05 0.0 0.0 0.0 
3.6580458719e-05 0.0 0.0 0.0 
1.82902293595e-05 0.0 0.0 0.0 
0.000109741376157 0.0 0.0 0.0 
1.82902293595e-05 0.0 0.0 0.0 
0.000201192522954 0.0 0.000184365781711 0.0 
0.00113399422029 0.0 0.0 0.0 
9.14511467974e-05 0.0 0.0 0.0 
0.000493836192706 0.0 0.000921828908555 0.0 
3.6580458719e-05 0.0 0.0 0.0 
1.82902293595e-05 0.0 0.0 0.0 
1.82902293595e-05 0.0 0.0 0.0 
0.000128031605516 0.0 0.0 0.0 
0.000274353440392 0.0 0.0 0.0 
0.000237772981673 0.0 0.000553097345133 0.0 
0.000457255733987 0.0 0.0 0.0 
0.000146321834876 0.0 0.0 0.0 
9.14511467974e-05 0.00110619469027 0.0 0.0 
0.000603577568863 0.0 0.00129056047198 0.0 
0.00521271536745 0.0 0.0 0.0 
0.000457255733987 0.0 0.0 0.0 
0.0 0.000184365781711 0.0 0.0 
0.000219482752314 0.0 0.0136430678466 0.0 
9.14511467974e-05 0.0016592920354 0.0 0.0 
0.000621867798222 0.0 0.000737463126844 0.0 
7.31609174379e-05 0.0 0.0 0.0 
0.000292643669752 0.0 0.0 0.0 
0.00124373559644 0.0 0.00350294985251 0.0 
0.000109741376157 0.0 0.0 0.0 
1.82902293595e-05 0.0 0.0 0.0 
5.48706880784e-05 0.00110619469027 0.0 0.0 
0.000841350550536 0.0 0.00276548672566 0.0 
0.00486520100962 0.0 0.0 0.0 
0.0 0.000184365781711 0.0 0.0 
0.000201192522954 0.0 0.000737463126844 0.0 
0.00129860628452 0.0 0.0 0.0 
1.82902293595e-05 0.0 0.0 0.0 
1.82902293595e-05 0.000184365781711 0.0 0.0 
0.0 0.0 0.000184365781711 0.0 
0.000109741376157 0.0 0.0 0.0 
1.82902293595e-05 0.0 0.0 0.0 
1.82902293595e-05 0.0 0.0 0.0 
0.0 0.000184365781711 0.0 0.0 
0.000219482752314 0.0 0.00239675516224 0.0 
0.000292643669752 0.0 0.0 0.0 
7.31609174379e-05 0.0 0.000368731563422 0.0 
1.82902293595e-05 0.0 0.0 0.0 
3.6580458719e-05 0.0 0.0 0.0 
7.31609174379e-05 0.0 0.000368731563422 0.0 
1.82902293595e-05 0.000184365781711 0.0 0.0 
0.0 0.0 0.000368731563422 0.0 
1.82902293595e-05 0.0 0.0 0.0 
0.0 0.000368731563422 0.0 0.0 
0.000146321834876 0.0 0.00276548672566 0.0 
0.000310933899111 0.0 0.0 0.0 
1.82902293595e-05 0.0 0.0 0.0 
0.0 0.0 0.000184365781711 0.0 
0.0 0.0 0.000184365781711 0.0 
0.0 0.0 0.0 0.0196078431373 
1.82902293595e-05 0.000921828908555 0.0 0.0 
0.0 0.0 0.000184365781711 0.0 
1.82902293595e-05 0.0 0.0 0.0 
0.000512126422065 0.0 0.0 0.0 
1.82902293595e-05 0.0 0.0 0.0 
0.000128031605516 0.0 0.0 0.0 
3.6580458719e-05 0.0 0.0 0.0 
9.14511467974e-05 0.0 0.0 0.0 
7.31609174379e-05 0.0 0.0 0.0 
0.00224969821122 0.0 0.000553097345133 0.0 
0.00206679591762 0.0 0.0 0.0 
0.000146321834876 0.000553097345133 0.0 0.0 
1.82902293595e-05 0.0 0.0 0.0 
0.000676738486301 0.0 0.00110619469027 0.0 
0.000768189633098 0.0 0.0 0.0 
1.82902293595e-05 0.000184365781711 0.0 0.0 
1.82902293595e-05 0.0 0.0 0.0 
1.82902293595e-05 0.0 0.000184365781711 0.0 
0.000438965504627 0.0 0.0 0.0 
1.82902293595e-05 0.0 0.0 0.0 
1.82902293595e-05 0.0 0.0 0.0 
1.82902293595e-05 0.0 0.0 0.0 
0.00106083330285 0.0 0.00147492625369 0.0 
0.000329224128471 0.0 0.0 0.0 
0.00181073270659 0.0 0.0 0.0 
1.82902293595e-05 0.0 0.0 0.0 
1.82902293595e-05 0.0 0.0 0.0 
1.82902293595e-05 0.0 0.0 0.0 
0.000182902293595 0.0 0.000184365781711 0.0 
3.6580458719e-05 0.0 0.0 0.0 
0.0014449281194 0.0 0.00829646017699 0.0 
7.31609174379e-05 0.0 0.0 0.0 
1.82902293595e-05 0.0 0.0 0.0 
0.0 0.0 0.000184365781711 0.0 
1.82902293595e-05 0.0 0.0 0.0 
0.000109741376157 0.0 0.0 0.0 
3.6580458719e-05 0.0 0.0 0.0 
1.82902293595e-05 0.0 0.0 0.0 
1.82902293595e-05 0.000368731563422 0.0 0.0 
7.31609174379e-05 0.0 0.000184365781711 0.0 
5.48706880784e-05 0.0 0.0 0.0 
0.0 0.000184365781711 0.0 0.0 
7.31609174379e-05 0.0 0.0 0.0 
1.82902293595e-05 0.0 0.0 0.0 
0.0 0.000368731563422 0.0 0.0 
1.82902293595e-05 0.0 0.0 0.0 
1.82902293595e-05 0.0 0.0 0.0 
1.82902293595e-05 0.000184365781711 0.0 0.0 
3.6580458719e-05 0.0 0.0 0.0 
1.82902293595e-05 0.0 0.0 0.0 
9.14511467974e-05 0.000553097345133 0.0 0.0 
0.000201192522954 0.0 0.0 0.0 
1.82902293595e-05 0.0 0.0 0.0 
0.0 0.000184365781711 0.0 0.0 
1.82902293595e-05 0.0 0.0 0.0 
0.0 0.000184365781711 0.0 0.0 
1.82902293595e-05 0.000184365781711 0.0 0.0 
3.6580458719e-05 0.0 0.0 0.0 
3.6580458719e-05 0.0 0.0 0.0 
1.82902293595e-05 0.0 0.0 0.0 
3.6580458719e-05 0.0 0.0 0.0 
5.48706880784e-05 0.0 0.0 0.0 
3.6580458719e-05 0.0 0.0 0.0 
3.6580458719e-05 0.0 0.0 0.0 
0.000109741376157 0.0 0.000184365781711 0.0 
0.000804770091817 0.0 0.0 0.0 
0.000420675275268 0.0 0.0 0.0 
7.31609174379e-05 0.0 0.0 0.0 
3.6580458719e-05 0.0 0.0 0.0 
3.6580458719e-05 0.0 0.0 0.0 
1.82902293595e-05 0.0 0.0 0.0 
3.6580458719e-05 0.0 0.0 0.0 
1.82902293595e-05 0.0 0.0 0.0 
0.000182902293595 0.0 0.00129056047198 0.0 
0.000292643669752 0.0 0.0 0.0 
1.82902293595e-05 0.0 0.0 0.0 
0.000219482752314 0.0 0.0 0.0 
9.14511467974e-05 0.0 0.000553097345133 0.0 
0.00069502871566 0.0 0.0 0.0 
5.48706880784e-05 0.0 0.000184365781711 0.0 
1.82902293595e-05 0.0 0.0 0.0 
0.000749899403739 0.0 0.0 0.0 
0.00177415224787 0.0 0.00387168141593 0.0 
0.00137176720196 0.0 0.0 0.0 
0.000914511467974 0.0 0.0 0.0 
3.6580458719e-05 0.000184365781711 0.0 0.0 
7.31609174379e-05 0.0 0.000921828908555 0.0 
0.000310933899111 0.0 0.0 0.0 
1.82902293595e-05 0.0 0.0 0.0 
0.0 0.0 0.000184365781711 0.0 
5.48706880784e-05 0.000553097345133 0.0 0.0 
0.00034751435783 0.0 0.000184365781711 0.0 
0.00102425284413 0.000184365781711 0.0 0.0 
1.82902293595e-05 0.0 0.0 0.0 
1.82902293595e-05 0.0 0.000184365781711 0.0 
0.000292643669752 0.0 0.0 0.0 
1.82902293595e-05 0.0 0.0 0.0 
5.48706880784e-05 0.0 0.0 0.0 
0.000420675275268 0.000184365781711 0.0 0.0 
1.82902293595e-05 0.0 0.0 0.0 
0.00351172403702 0.00958702064897 0.0 0.0 
1.82902293595e-05 0.0 0.000368731563422 0.0 
0.000146321834876 0.0 0.0 0.0 
0.00246918096353 0.000184365781711 0.0 0.0 
0.000146321834876 0.000368731563422 0.0 0.0 
9.14511467974e-05 0.0 0.0 0.0 
0.00581629293631 0.00387168141593 0.0 0.0 
0.00128031605516 0.0 0.000553097345133 0.0 
0.0112302008267 0.0 0.0 0.0 
0.00162783041299 0.0103244837758 0.0 0.0 
5.48706880784e-05 0.0 0.000553097345133 0.0 
0.0061820975235 0.0 0.0 0.0 
1.82902293595e-05 0.0 0.0 0.0 
1.82902293595e-05 0.0 0.0 0.0 
1.82902293595e-05 0.0 0.0 0.0 
1.82902293595e-05 0.0 0.0 0.0 
3.6580458719e-05 0.0 0.0 0.0 
0.0 0.0 0.000184365781711 0.0 
0.0 0.000184365781711 0.0 0.0 
0.0 0.0 0.000368731563422 0.0 
0.000731609174379 0.0016592920354 0.0 0.0 
0.000402385045908 0.0 0.000368731563422 0.0 
0.000438965504627 0.0 0.0 0.0 
0.000182902293595 0.000184365781711 0.0 0.0 
1.82902293595e-05 0.0 0.0 0.0 
1.82902293595e-05 0.0 0.0 0.0 
1.82902293595e-05 0.0 0.0 0.0 
0.0 0.0 0.000184365781711 0.0 
7.31609174379e-05 0.0 0.0 0.0 
1.82902293595e-05 0.000184365781711 0.0 0.0 
0.000420675275268 0.00129056047198 0.0 0.0 
0.000164612064235 0.0 0.000184365781711 0.0 
0.000384094816549 0.0 0.0 0.0 
5.48706880784e-05 0.0 0.0 0.0 
3.6580458719e-05 0.0 0.0 0.0 
0.00107912353221 0.00147492625369 0.0 0.0 
0.000384094816549 0.0 0.0 0.0 
0.00224969821122 0.00239675516224 0.0 0.0 
9.14511467974e-05 0.0 0.0 0.0 
0.00298130738559 0.0 0.0 0.0 
3.6580458719e-05 0.0 0.0 0.0 
7.31609174379e-05 0.0 0.0 0.0 
7.31609174379e-05 0.0 0.0 0.0 
0.000731609174379 0.00239675516224 0.0 0.0 
3.6580458719e-05 0.0 0.0 0.0 
0.00782821816586 0.0208333333333 0.0 0.0 
0.000274353440392 0.0 0.000368731563422 0.0 
0.00195705454146 0.0 0.0 0.0 
0.000146321834876 0.000184365781711 0.0 0.0 
1.82902293595e-05 0.0 0.0 0.0 
0.000457255733987 0.00424041297935 0.0 0.0 
0.000109741376157 0.0 0.000184365781711 0.0 
0.000310933899111 0.0 0.0 0.0 
5.48706880784e-05 0.0 0.0 0.0 
1.82902293595e-05 0.0 0.0 0.0 
3.6580458719e-05 0.0 0.0 0.0 
3.6580458719e-05 0.0 0.0 0.0 
1.82902293595e-05 0.0 0.0 0.0 
1.82902293595e-05 0.0 0.0 0.0 
7.31609174379e-05 0.0 0.0 0.0 
0.000256063211033 0.0 0.0 0.0 
0.000109741376157 0.000184365781711 0.0 0.0 
3.6580458719e-05 0.0 0.0 0.0 
3.6580458719e-05 0.0 0.0 0.0 
3.6580458719e-05 0.0 0.0 0.0 
1.82902293595e-05 0.0 0.0 0.0 
3.6580458719e-05 0.0 0.0 0.0 
0.000310933899111 0.0 0.000368731563422 0.0 
0.000128031605516 0.0 0.0 0.0 
0.000109741376157 0.0 0.0 0.0 
0.000329224128471 0.0 0.0 0.0 
0.000237772981673 0.0 0.0 0.0 
1.82902293595e-05 0.0 0.0 0.0 
1.82902293595e-05 0.0 0.0 0.0 
3.6580458719e-05 0.0 0.0 0.0 
5.48706880784e-05 0.0 0.0 0.0 
7.31609174379e-05 0.0 0.0 0.0 
1.82902293595e-05 0.0 0.0 0.0 
1.82902293595e-05 0.0 0.0 0.0 
5.48706880784e-05 0.0 0.0 0.0 
1.82902293595e-05 0.0 0.0 0.0 
1.82902293595e-05 0.0 0.0 0.0 
0.000603577568863 0.0 0.00276548672566 0.0 
0.00179244247723 0.0 0.0 0.0 
5.48706880784e-05 0.0 0.0 0.0 
3.6580458719e-05 0.0 0.0 0.0 
0.0 0.000184365781711 0.0 0.0 
5.48706880784e-05 0.0 0.0 0.0 
0.000274353440392 0.0 0.0 0.0 
5.48706880784e-05 0.0 0.0 0.0 
1.82902293595e-05 0.0 0.0 0.0 
1.82902293595e-05 0.0 0.0 0.0 
1.82902293595e-05 0.0 0.0 0.0 
0.00224969821122 0.00516224188791 0.0 0.0 
0.000493836192706 0.000737463126844 0.0 0.0 
5.48706880784e-05 0.0 0.0 0.0 
1.82902293595e-05 0.0 0.0 0.0 
1.82902293595e-05 0.0 0.0 0.0 
0.000146321834876 0.000368731563422 0.0 0.0 
0.00157295972491 0.0 0.0016592920354 0.0 
0.00940117789077 0.0 0.0 0.0 
0.000329224128471 0.000921828908555 0.0 0.0 
0.000457255733987 0.0 0.000737463126844 0.0 
0.00309104876175 0.0 0.0 0.0 
0.0 0.0 0.000184365781711 0.0 
1.82902293595e-05 0.0 0.0 0.0 
7.31609174379e-05 0.0 0.0 0.0 
1.82902293595e-05 0.0 0.0 0.0 
3.6580458719e-05 0.0 0.0 0.0 
3.6580458719e-05 0.0 0.0 0.0 
5.48706880784e-05 0.0 0.000368731563422 0.0 
1.82902293595e-05 0.0 0.0 0.0 
0.000201192522954 0.0 0.0 0.0 
0.00224969821122 0.0 0.00534660766962 0.0 
0.00186560339467 0.0 0.0 0.0 
0.000292643669752 0.0 0.000553097345133 0.0 
1.82902293595e-05 0.0 0.0 0.0 
0.0 0.000184365781711 0.0 0.0 
1.82902293595e-05 0.0 0.0 0.0 
1.82902293595e-05 0.000184365781711 0.0 0.0 
3.6580458719e-05 0.0 0.0 0.0 
0.000128031605516 0.0 0.000184365781711 0.0 
0.000128031605516 0.0 0.0 0.0 
1.82902293595e-05 0.0 0.0 0.0 
1.82902293595e-05 0.0 0.0 0.0 
0.000292643669752 0.0 0.0158554572271 0.0 
0.0013534769726 0.0 0.0 0.0 
1.82902293595e-05 0.0 0.0 0.0 
1.82902293595e-05 0.0 0.0 0.0 
0.00107912353221 0.0 0.0 0.0 
0.000164612064235 0.0 0.0 0.0 
1.82902293595e-05 0.0 0.0 0.0 
5.48706880784e-05 0.000184365781711 0.0 0.0 
1.82902293595e-05 0.0 0.0 0.0 
0.000658448256941 0.0 0.0 0.0 
1.82902293595e-05 0.0 0.0 0.0 
9.14511467974e-05 0.000553097345133 0.0 0.0 
1.82902293595e-05 0.0 0.000184365781711 0.0 
0.000603577568863 0.0 0.0 0.0 
1.82902293595e-05 0.0 0.0 0.0 
1.82902293595e-05 0.0 0.0 0.0 
5.48706880784e-05 0.000368731563422 0.0 0.0 
0.0 0.0 0.000184365781711 0.0 
1.82902293595e-05 0.0 0.0 0.0 
0.00036580458719 0.0 0.0033185840708 0.0 
0.000256063211033 0.0 0.0 0.0 
1.82902293595e-05 0.0 0.000184365781711 0.0 
0.000896221238614 0.0 0.0 0.0 
0.0 0.0 0.000184365781711 0.0 
1.82902293595e-05 0.0 0.0 0.0 
0.000128031605516 0.0 0.0 0.0 
0.000164612064235 0.0 0.0 0.0 
1.82902293595e-05 0.0 0.0 0.0 
3.6580458719e-05 0.0 0.0 0.0 
5.48706880784e-05 0.0 0.0 0.0 
